0.998738
-1.35877
-1.01663
-1.46812
-1.51806
-1.45139
-1.6433
-1.78327
-1.66396
-1.68312
-1.70938
-1.66521
-1.79197
-1.51088
-1.65643
-1.61083
-1.682
-1.82995
-1.73673
-1.75509
-1.73127
-1.70828
-1.85532
-2.02593
-1.75635
-1.71235
-1.69945
-1.72363
-1.74405
-1.73034
-1.72037
-1.73595
-1.70691
-1.89224
-1.79091
-1.8024
-1.83259
-1.78794
-2.0303
-1.78875
-1.85764
-1.80278
-1.82499
-1.8141
-1.82622
-1.8214
-1.82136
-1.82235
-1.81742
-1.82749
-1.76991
-1.81845
-1.81362
-1.91908
-1.81786
-1.75757
-1.70267
-1.79614
-1.75969
-1.81656
-1.78865
-1.7924
-1.7891
-1.7935
-1.78939
-1.77152
-1.78859
-1.78715
-1.81284
-1.73579
-1.90158
-1.79075
-2.1396
-1.83053
-1.62814
-1.69159
-1.64492
-1.65315
-1.65138
-1.6496
-1.65305
-1.65237
-1.7027
-1.57033
-1.6697
-1.64526
-1.71005
-1.5857
-1.65108
-1.25464
-1.39652
-1.10767
-0.554386
-0.031266
-0.226601
-0.220102
-0.28022
-0.156166
0.00191988
-0.0549064
-0.0470245
-0.094172
-0.0382339
0.0721088
-0.172436
-0.583673
-0.206994
-0.0632191
0.115008
-0.0824719
-0.153491
-0.0996843
0.120703
0.344061
0.785643
0.727582
0.721004
0.758744
0.730363
0.70698
0.728535
0.734277
0.707488
0.83439
0.94235
0.872528
0.891524
0.82789
1.1017
0.993007
0.923667
1.00465
1.05828
1.38902
1.03595
1.05521
1.08971
0.919626
1.00477
0.958104
0.960059
0.953547
0.985369
0.820566
1.04008
0.989232
0.990223
0.987493
0.982852
0.988032
0.985703
0.994066
0.942263
0.985869
0.981561
0.992344
1.2616
1.10204
1.17774
1.43749
2.3087
1.17969
1.37084
0.98456
1.14529
0.273945
0.64274
0.032974
0.0968066
0.114241
-0.0417034
0.256616
0.0490261
-0.0755066
0.0270283
0.00277352
0.123329
0.0363378
-0.202323
-0.00883216
-0.0506401
0.0839331
0.032414
-0.106531
0.39476
0.257321
0.387975
0.146726
0.974415
0.269242
-0.110351
0.0409883
0.0879809
-0.0305641
0.255969
-0.0703419
-0.260448
0.146064
-0.275262
-0.472441
-0.646206
-0.629535
-0.804273
-0.523788
-0.607132
-0.666102
-0.640852
-0.731845
-0.907689
-0.793493
-0.722225
-0.775538
-0.919888
-0.792992
-1.04809
-0.757736
-0.875285
-0.834232
-0.838699
-0.834091
-0.832459
-0.837554
-0.82621
-0.836594
-0.836648
-0.819732
-0.921636
-0.8204
-0.824894
-0.839798
-0.758131
-0.847311
-0.815884
-0.820233
-0.81762
-0.938442
-0.798619
-0.800918
-0.800687
-0.785974
-1.00568
-1.25906
-1.23289
-1.69648
-1.49556
-1.44831
-1.44869
-1.44824
-1.44925
-1.39154
-1.44698
-1.41816
-1.43321
-1.43324
-1.42594
-1.53457
-1.68726
-1.46254
-1.50758
-1.48945
-1.48734
-1.50479
-1.43297
-1.44294
-1.60468
-1.54873
-1.8373
-1.53134
-1.54297
-1.45313
-1.48687
-1.61151
-1.40364
-1.48762
-1.42452
-1.3604
-1.43407
-1.5606
-1.44543
-1.41383
-1.497
-1.30704
-1.3629
-1.3313
-1.32639
-1.33925
-1.28029
-1.3205
-1.31504
-1.31752
-1.27443
-1.31313
-1.31298
-1.29098
-1.42706
-1.28807
-1.21066
-1.27035
-1.25253
-1.28128
-1.2445
-1.26289
-1.26495
-1.26448
-1.26442
-1.26452
-1.26449
-1.26444
-1.26447
-1.26449
-1.26462
-1.2643
-1.2644
-1.26586
-1.26061
-1.33894
-1.1768
-1.22166
-1.18571
-1.2806
-0.980284
-1.00765
-0.935216
-0.256687
-0.455951
-0.51823
-0.117446
-0.278554
-0.178441
-0.240226
-0.1948
0.200593
-0.163421
-0.467345
-0.315239
-0.38549
-0.355171
-0.355233
-0.355161
-0.356127
-0.349884
-0.415014
-0.327018
-0.362403
-0.361214
-0.363462
-0.358483
-0.402161
-0.204326
-0.563473
-0.671395
-0.581805
-0.591337
-0.530759
-0.638249
-0.284524
-0.512241
-0.54851
-0.455614
-0.713858
-1.0264
-0.931462
-1.08
-0.921525
-0.936886
-0.928623
-0.938676
-0.787677
-0.908875
-0.892519
-0.893145
-0.89297
-0.883794
-0.992792
-0.879503
-0.959108
-0.743675
-0.759721
-0.746678
-0.761755
-0.739787
-0.753775
-0.694171
-0.7563
-0.723014
-0.793497
-0.63813
-0.916637
-0.881565
-0.879677
-0.901916
-0.882746
-0.88244
-0.888298
-0.870357
-0.889847
-0.837422
-0.990285
-0.953646
-0.955607
-0.947908
-0.953717
-0.9634
-0.915805
-1.03915
-0.974072
-0.962364
-0.975911
-0.99134
-0.972013
-0.750139
-0.91834
-1.06346
-1.1462
-1.06264
-0.992886
-1.01416
-1.32708
-1.15645
-0.952997
-0.976572
-1.1108
-0.975328
-1.00009
-1.01253
-0.951812
-1.19159
-0.954476
-1.02093
-0.988675
-0.977547
-1.02799
-0.864485
-1.02212
-0.951883
-1.09342
-0.832355
-0.891533
-0.867565
-0.768661
-0.95633
-0.733937
-0.829294
-0.80092
-0.782871
-0.80187
-0.800116
-0.900614
-0.763903
-0.76728
-0.75865
-0.779911
-0.758214
-0.773276
-0.709098
-1.01946
-0.848415
-0.87759
-0.91221
-0.894043
-0.694237
-0.831779
-1.00233
-0.872043
-1.08627
-0.734635
-1.0022
-1.46914
-1.90361
-2.24757
-1.7151
-1.75168
-1.69366
-1.79937
-2.04869
-1.68013
-1.76572
-1.63084
-1.92167
-1.67517
-1.46878
-1.6596
-2.09974
-1.39141
-1.598
-1.55948
-1.50071
-1.76343
-1.10898
-1.18992
-1.28879
-1.04089
-1.63952
-1.36975
-1.41194
-1.40387
-1.44497
-1.30526
-1.74157
-1.25119
-1.47323
-0.883616
-1.07934
-1.04528
-1.06648
-1.05742
-1.13605
-0.896524
-1.30909
-1.66614
-1.24017
-0.922279
-1.14865
-1.11342
-1.13964
-1.13596
-1.13748
-1.14012
-1.13449
-1.16226
-1.104
-1.22985
-1.02088
-1.28002
-0.745886
-0.95639
-0.843078
-1.35228
-1.06565
-0.7336
-0.874464
-0.612045
-0.676615
-1.0042
-1.13789
-0.946015
-1.01314
-0.789816
-0.685621
-1.05619
-0.920863
-1.29727
-1.20473
-1.41546
-1.205
-1.00109
-1.20631
-1.15973
-1.18831
-1.22408
-1.10884
-1.17165
-1.38327
-1.28735
-1.48291
-1.66018
-1.51851
-1.58345
-1.42563
-1.5104
-1.34248
-1.51062
-1.6745
-1.55543
-1.56163
-1.55911
-1.56041
-1.56015
-1.55918
-1.56893
-1.54103
-1.71878
-1.5737
-1.57838
-1.57537
-1.57531
-1.57549
-1.5754
-1.57551
-1.57545
-1.57644
-1.56201
-1.63626
-1.4861
-1.69
-1.76595
-1.59148
-1.65837
-1.8439
-1.9359
-1.83614
-1.78596
-1.72835
-2.05842
-2.48348
-2.04091
-1.81312
-1.9008
-1.82383
-1.80993
-1.83387
-1.7369
-1.8319
-1.82242
-1.81693
-1.82972
-1.86475
-1.76095
-2.09711
-1.57963
-0.881001
-0.0931614
-0.40126
-0.583839
-0.458476
-0.481543
-0.336225
-0.683598
-0.500448
-0.477903
-0.119956
-0.0235354
-0.385062
-0.779514
-0.512415
-0.676977
-0.597451
-0.604221
-0.602323
-0.62838
-0.596741
-0.668694
-0.431656
-0.622954
-0.591848
-0.625624
-0.589676
-0.586826
-0.590841
-0.598855
-0.560401
-0.611546
-0.47101
-0.738802
-0.944633
-0.614802
-0.867416
-1.13388
-1.80418
-1.35602
-1.50202
-1.51575
-1.47446
-1.48702
-1.48651
-1.48391
-1.48862
-1.43133
-1.55024
-1.65523
-1.47685
-1.48442
-1.44502
-1.45992
-1.45986
-1.46036
-1.4602
-1.45816
-1.47847
-1.38278
-1.47266
-1.46236
-1.46416
-1.47312
-1.45072
-1.52821
-1.4553
-1.47623
-1.4835
-1.41843
-1.68901
-1.21653
-1.11133
-1.34674
-0.957262
-0.943739
-0.643362
-1.3928
-1.0849
-0.718363
-0.474465
-0.402609
-0.820504
-0.579654
-0.542632
-0.594601
-0.553791
-0.637199
-0.54054
-0.681954
-0.317082
-0.5597
-0.495752
-0.511175
-0.480192
-0.344641
-0.475264
-0.50976
-0.474107
-0.492705
-0.465694
-0.489679
-0.466497
-0.487731
-0.470298
-0.548131
-0.38259
-0.686522
-0.584156
-0.632963
-0.644281
-0.760044
-0.602154
-0.397492
-0.585099
-0.872579
-0.808542
-0.783881
-0.932791
-0.822526
-0.668252
-0.871304
-0.985876
-1.16647
-0.77545
-0.962506
-0.841903
-0.873748
-0.872809
-0.873277
-0.874089
-0.806361
-0.888468
-0.704491
-0.924039
-0.850207
-0.89015
-0.879016
-0.882679
-0.88053
-0.880601
-0.880653
-0.880409
-0.892151
-0.828536
-0.931713
-1.19286
-1.03093
-0.87033
-1.11303
-0.948965
-0.791939
-0.443314
-0.171975
-0.489306
-0.63704
-0.484096
-0.536277
-0.539413
-0.529842
-0.555198
-0.482349
-0.558887
-0.370218
-0.216848
-0.416546
-0.322194
-0.342824
-0.599945
-0.854218
-0.720828
-0.891209
-0.714941
-0.700166
-0.671896
-0.789454
-0.706619
-0.730675
-0.571125
-0.720266
-0.685338
-0.72547
-0.699876
-0.696617
-0.71593
-0.709137
-0.711678
-0.686575
-0.766601
-0.689671
-0.88412
-0.572764
-0.721918
-0.425344
-0.530737
-0.564637
-0.208753
-0.261069
-0.403384
-0.111869
-0.30006
-0.414773
-0.0377998
0.260374
-0.198037
-0.206817
-0.180679
-0.176675
-0.187679
-0.187562
-0.186175
-0.188019
-0.182794
-0.195642
-0.180424
-0.21158
-0.117304
-0.186013
-0.226142
-0.432281
-0.579684
-0.39016
-0.470603
-0.390511
-0.410148
-0.401938
-0.406299
-0.405679
-0.406737
-0.403008
-0.43828
-0.390266
-0.501373
-0.245563
-0.349593
-0.342899
-0.358966
-0.319113
-0.591163
-0.787882
-0.748815
-0.748365
-0.75292
-0.74988
-0.746418
-0.561507
-0.70588
-0.710592
-0.702453
-0.931977
-1.20181
-1.12252
-0.996429
-1.072
-1.04592
-1.06781
-1.05532
-1.06173
-0.981897
-1.18506
-1.26845
-1.44171
-0.999404
-1.20491
-1.3045
-1.10705
-1.10843
-1.1051
-1.10383
-1.12165
-1.07347
-1.20138
-1.37421
-1.63543
-1.22533
-1.33727
-1.23887
-0.896943
-0.149709
-0.350044
0.15511
-0.150946
0.136429
-0.0910641
-0.0254123
-0.153211
-0.00108363
-0.356014
-0.138835
-0.177813
-0.251892
0.118381
0.774081
-0.278476
-0.0193185
-0.0300105
-0.00469542
-0.0301014
-0.020096
-0.0713174
0.130768
-0.124623
-0.028688
-0.0628286
-0.0155355
-0.224827
-0.0453961
-0.132027
-0.063675
0.0807407
-0.0353355
-0.340757
-0.224493
-0.547613
-0.270915
-0.411763
-0.351052
-0.407393
-0.129641
-0.380425
-0.315551
-0.540915
-0.352823
-0.432276
-0.414247
-0.413208
-0.413476
-0.413451
-0.413542
-0.396374
-0.44486
-0.376011
-0.591299
-0.402406
-0.482446
-0.418328
-0.423828
-0.404694
-0.437705
-0.382891
-0.528824
-0.240022
-0.143219
-0.263753
-0.215534
-0.228414
-0.224847
-0.226837
-0.228301
-0.258516
-0.207124
-0.283446
0.0760797
-0.311445
-0.225751
-0.10076
-0.528439
-0.762063
-0.516548
-0.787864
-1.0508
-0.818677
-0.895696
-0.620141
-0.756337
-0.757123
-0.733364
-0.883407
-0.488319
-0.208175
-0.230629
-0.420324
-0.324452
-0.253914
-0.421305
-0.345098
-0.377619
-0.352793
-0.358402
-0.350273
-0.371629
-0.326239
-0.476775
-0.234737
0.105389
-0.279862
-0.22094
-0.410987
-0.283996
-0.332492
-0.309337
-0.303082
-0.325883
-0.221509
-0.292558
-0.678448
-0.539268
-0.584677
-0.581288
-0.582151
-0.582109
-0.582181
-0.581976
-0.582283
-0.581517
-0.583923
-0.565291
-0.579319
-0.580568
-0.522932
-0.71527
-0.66062
-0.670749
-0.649171
-0.759069
-0.501812
-0.707349
-0.759908
-0.64922
-0.64543
-0.659199
-0.597008
-0.774768
-0.882688
-0.99327
-1.23442
-0.865521
-0.917766
-0.721003
-0.884712
-1.0451
-0.83981
-0.839899
-0.856649
-0.823074
-0.877302
-0.689104
-0.317111
-0.128757
-0.326095
-0.29408
-0.289328
-0.436561
-0.255653
-0.332864
-0.288102
-0.252521
-0.483369
0.00544938
-0.127424
-0.0927305
-0.221574
0.296305
0.161047
-0.230835
-0.446547
-0.216187
-0.250375
-0.241832
-0.241946
-0.242092
-0.242023
-0.242003
-0.24189
-0.2249
-0.282497
-0.262751
-0.116997
-0.246418
-0.228113
-0.228871
-0.242299
-0.162967
-0.528161
-0.325064
-0.447775
-0.457219
-0.440408
-0.438079
-0.554246
-0.43045
-0.452865
-0.432188
-0.436273
-0.436242
-0.436208
-0.438457
-0.367809
-0.468516
-0.249742
-0.509233
-0.712122
-0.498561
-0.518423
-0.859727
-1.10841
-1.0857
-1.0172
-1.20864
-1.08114
-1.13982
-1.07121
-1.08234
-1.08105
-1.10671
-1.06683
-1.00413
-1.08827
-0.792976
-0.915664
-1.07665
-1.01022
-1.32051
-1.26937
-1.30149
-1.21147
-1.50973
-1.49383
-1.61063
-1.42162
-1.46453
-1.46558
-1.44936
-1.51357
-1.27814
-1.43936
-1.44644
-1.44025
-1.44484
-1.44412
-1.457
-1.4498
-1.41048
-1.64947
-1.56508
-1.57222
-1.5721
-1.62267
-1.43856
-1.58885
-1.78782
-1.66757
-1.72271
-1.73705
-1.65123
-1.91217
-2.24904
-1.77241
-1.68421
-1.75178
-1.74826
-1.71748
-1.87297
-1.7687
-1.70593
-1.79288
-1.99025
-1.62339
-1.12914
-1.27696
-0.806015
-0.918727
-0.741835
-1.10451
-1.02288
-1.24881
-0.962456
-0.648584
-0.510295
-0.844073
-0.669848
-0.849521
-0.465036
-0.56243
-0.522097
-0.51957
-0.533969
-0.418772
-0.525089
-0.579851
-0.495071
-0.827119
-0.658817
-0.733403
-0.39895
-0.703746
-0.602671
-0.607251
-0.619698
-0.607324
-0.603945
-0.614875
-0.583829
-0.620735
-0.604123
-0.606284
-0.862284
-0.635834
-0.660915
-0.646938
-0.646961
-0.680156
-0.569627
-0.784361
-0.641865
-0.637603
-0.697884
-0.561734
-0.820903
-1.04162
-1.02217
-1.02778
-1.16529
-0.977158
-1.0081
-1.00709
-1.00726
-1.00727
-1.0072
-1.00714
-1.00749
-0.991503
-1.08336
-0.943972
-1.35908
-1.14539
-0.955325
-1.01433
-1.0512
-0.880642
-1.17602
-0.900134
-0.940748
-1.01301
-0.668837
-0.739373
-0.899421
-0.67854
-0.699799
-0.697585
-0.710254
-0.685219
-0.703899
-0.70033
-0.727337
-0.571844
-0.743393
-0.713464
-0.714977
-0.693709
-0.821016
-0.699769
-0.696005
-0.715477
-0.682263
-0.709354
-0.703434
-0.764132
-0.641462
-0.927492
-0.960834
-0.918571
-0.935976
-0.932278
-0.932883
-0.932783
-0.917051
-0.938945
-0.815633
-0.994502
-0.904146
-0.993966
-0.87749
-1.23376
-1.06367
-1.16484
-1.10152
-1.36796
-1.05385
-1.03572
-1.06886
-1.06803
-1.06821
-1.06834
-1.0681
-1.07002
-1.03299
-1.225
-0.799169
-0.949768
-0.922927
-1.03825
-0.904066
-1.0166
-0.937006
-0.673705
-0.964198
-0.892456
-0.845914
-0.888533
-0.871829
-0.925737
-0.832923
-1.03283
-0.689961
-0.639301
-0.878073
-0.8377
-0.490063
-0.672138
-0.573164
-0.585174
-0.581495
-0.587352
-0.497618
-0.622918
-0.617427
-0.579655
-0.79723
-0.636855
-0.674199
-0.657074
-0.701391
-0.691347
-0.507778
-0.821917
-0.556314
-0.634664
-0.631943
-0.632652
-0.63213
-0.632683
-0.631818
-0.642384
-0.599243
-0.646581
-0.62859
-0.639034
-0.628697
-0.770965
-0.540679
-0.517708
-0.545566
-0.535986
-0.54275
-0.546225
-0.53102
-0.539111
-0.861243
-0.730067
-0.731439
-0.797166
-0.730836
-0.743967
-0.754861
-0.676146
-0.86664
-0.728606
-0.78901
-0.791836
-0.814827
-0.643305
-0.761045
-1.08616
-0.973807
-1.01356
-0.900194
-0.958359
-1.14414
-1.37581
-1.25868
-1.32044
-1.25504
-1.27643
-1.26998
-1.29781
-1.23243
-1.36563
-1.43408
-1.13798
-1.28923
-1.61224
-1.57179
-1.61944
-1.60635
-1.60631
-1.60625
-1.60641
-1.60529
-1.60893
-1.59049
-1.73814
-1.64855
-1.57197
-1.5843
-1.5837
-1.58389
-1.58385
-1.58381
-1.58394
-1.58381
-1.58394
-1.58388
-1.58399
-1.58388
-1.58374
-1.58414
-1.58245
-1.63403
-1.50766
-1.56602
-1.56463
-1.56496
-1.57461
-1.53744
-1.77778
-1.73912
-2.10856
-1.74811
-1.78233
-1.62697
-1.66375
-1.65988
-1.66281
-1.6591
-1.66097
-1.66071
-1.66139
-1.83402
-1.68816
-1.70866
-1.66385
-1.70687
-1.68563
-1.70995
-1.68718
-1.75059
-1.99934
-1.74353
-1.82149
-1.62479
-1.65756
-1.65774
-1.65615
-1.65653
-1.6549
-1.65644
-1.65634
-1.65641
-1.65608
-1.65043
-1.68672
-1.67179
-1.59427
-1.72007
-1.53064
-1.46167
-1.53553
-1.53661
-1.53172
-1.66053
-1.29684
-1.31264
-0.968823
-1.13122
-1.26918
-1.18653
-0.932883
-0.947299
-0.815798
-0.928389
-1.09305
-0.90669
-0.910793
-0.896826
-0.949327
-0.746499
-0.92863
-0.878624
-0.865244
-0.884514
-0.877497
-0.881488
-0.876211
-0.975243
-0.836687
-0.876081
-1.11038
-1.32784
-1.25567
-1.37799
-1.23648
-1.29539
-1.26548
-1.26806
-1.26268
-1.34409
-1.14192
-1.18728
-1.05566
-1.27902
-1.34081
-1.53393
-1.49739
-1.72527
-1.6125
-1.64011
-1.63669
-1.61376
-1.63638
-1.61142
-1.74501
-1.77978
-1.67623
-1.6861
-1.67449
-1.69494
-1.61927
-1.66673
-1.65831
-1.66439
-1.67588
-1.50853
-1.55156
-1.52502
-1.50806
-1.52546
-1.43776
-1.54644
-1.50141
-1.55478
-1.52493
-1.52396
-1.53422
-1.51597
-1.5262
-1.57802
-1.50449
-1.74947
-1.68332
-1.80021
-1.73835
-1.75051
-1.74707
-1.74596
-1.74668
-1.7433
-1.74887
-1.73864
-1.76438
-1.78138
-1.67431
-1.84104
-1.93125
-1.8455
-2.2255
-1.9834
-1.80059
-1.78369
-1.8321
-1.76875
-1.89839
-1.76349
-1.8167
-1.71602
-1.72767
-1.74801
-1.60634
-1.64279
-1.5797
-1.65436
-1.62068
-1.62396
-1.62328
-1.6233
-1.62141
-1.62565
-1.61864
-1.62563
-1.62158
-1.62524
-1.62034
-1.68049
-1.61159
-1.62534
-1.62373
-1.6225
-1.62704
-1.61735
-1.70382
-1.47457
-1.53941
-1.51988
-1.52222
-1.512
-1.52136
-1.57993
-1.42263
-1.48814
-1.77691
-1.64846
-1.65106
-1.70514
-1.63689
-1.89979
-1.80642
-2.17212
-1.8614
-1.92447
-1.78251
-2.00966
-2.30672
-1.90147
-1.99378
-1.73325
-1.56679
-1.68918
-1.21322
-1.37661
-1.10941
0.045764
0.540677
1.04275
0.92287
0.272839
1.03908
1.15403
0.73388
1.04576
0.948088
0.840757
1.31658
1.00849
1.11608
0.956091
1.20684
0.800523
0.993472
1.01467
1.21565
1.03588
0.948425
1.07274
0.986239
0.992191
0.983248
1.09401
0.998709
0.958193
0.993629
1.05987
0.950992
1.00211
1.12097
0.962049
1.11818
0.987438
1.00075
0.885801
1.08025
0.945948
1.08888
0.924024
1.12278
1.00335
0.941634
0.971862
0.923792
0.982906
0.945591
0.935271
1.02772
0.70034
0.927133
0.953583
0.897717
0.85749
0.948902
0.894246
0.992501
0.910858
0.86959
0.901925
0.899862
0.900986
0.898394
0.969704
0.851445
0.994871
0.852397
0.969626
0.907125
0.911996
0.90996
0.910415
0.908952
0.944535
0.827434
0.921783
0.887675
0.949053
0.89413
1.07524
0.860485
0.923996
0.990675
0.838863
0.986615
0.871467
0.973062
0.922943
0.935387
0.935873
0.911091
1.0507
0.897508
0.959836
0.810252
0.89033
1.02265
0.905059
0.934512
0.91629
0.918093
0.917065
0.917709
0.917538
0.917385
0.918063
0.916811
0.919049
0.914446
0.944893
0.907146
1.07498
0.887605
0.936859
0.909597
0.839052
0.972358
0.886393
0.9107
0.906857
0.945832
0.812721
0.969615
0.826817
1.00602
0.794543
0.933792
0.923972
0.928707
0.878287
1.03589
0.888501
0.883605
0.891917
0.887054
0.911087
0.837687
0.938589
0.893706
0.895152
0.895652
0.894579
0.89496
0.895728
0.875455
0.904083
0.877396
0.95105
0.852198
0.907197
0.889367
0.89296
0.890946
0.877551
0.948418
0.855521
1.0389
0.695014
0.910421
0.278571
0.7359
1.11171
0.868832
0.805366
0.846651
1.02814
0.864564
0.870716
0.869136
0.869402
0.869441
0.869519
0.869139
0.869959
0.852527
0.897205
0.805708
0.916984
0.850853
0.87974
0.878789
0.902077
0.842558
0.954999
0.856109
0.899088
0.797304
0.875084
0.943367
0.845542
0.883116
0.862784
0.82822
0.876456
0.869295
0.872287
0.852363
0.893181
0.841834
0.879932
0.839436
0.906769
0.822836
0.890493
0.849868
0.915251
0.862696
0.848632
0.880533
0.811601
0.909889
0.820041
0.922066
0.780909
0.904502
0.856252
0.859072
0.841367
0.909516
0.804191
0.852654
0.983036
1.25571
1.07896
0.892443
0.77704
0.937337
0.874358
0.893975
0.891
0.895311
0.866483
0.934283
0.813787
0.914092
0.81356
0.934302
0.878101
0.888749
0.880222
0.88331
0.856424
0.944547
0.804259
0.875707
0.887508
1.16115
0.899221
0.804902
0.888525
0.968261
0.757336
0.854453
0.798683
0.905373
0.798797
0.868811
1.19529
-0.580351
1.14011
0.854063
0.916505
0.773788
0.931574
1.01952
0.955308
0.882906
0.945616
0.971652
0.850257
0.974691
0.928993
0.958907
0.914654
0.945132
0.950249
0.879852
1.02467
0.912745
1.00598
0.832267
1.22867
1.42613
1.12693
0.852388
0.878284
0.916112
0.901807
0.897211
0.902482
0.902002
0.901497
0.928235
0.884117
0.951016
0.900366
0.803607
0.91251
0.922216
0.867907
0.904689
0.935593
0.905117
0.855385
0.93242
0.848538
0.89761
0.915333
0.887383
0.939069
0.88144
0.907618
0.886098
0.910646
0.894337
0.913987
0.88655
0.934992
0.801592
0.939934
0.843436
0.939652
0.887022
0.784439
0.915735
1.15487
0.89858
0.593983
0.641714
0.407337
0.817844
1.07028
1.09587
0.84826
0.754242
0.889803
1.18736
0.926141
1.03597
0.836025
0.967399
0.931947
0.948517
0.92782
0.948837
0.849709
0.968132
0.954743
0.97863
0.946424
0.988164
0.938313
0.835395
0.953157
1.10615
0.933564
0.955056
0.929763
0.950561
0.872758
0.970937
0.978955
0.973183
0.852083
1.18881
0.930309
1.5348
0.934372
0.868588
1.16962
0.863924
0.0798075
0.865159
0.952764
0.797043
0.885544
0.814855
0.832329
0.793311
0.861362
0.76999
0.886364
0.812572
0.829987
0.85272
0.843313
0.815643
0.958489
0.834086
0.823084
0.835053
0.875562
0.78839
0.883342
0.785374
0.890807
0.801322
0.851839
0.838933
0.854438
0.828055
0.868449
0.82858
0.86338
0.809045
0.850628
0.876683
0.820922
0.872955
0.829603
0.839584
0.840742
0.83825
0.848195
0.837965
0.840981
0.832793
0.867209
0.828668
0.827247
0.872899
0.845443
0.793556
0.877455
0.825806
0.857483
0.842475
0.844839
0.840137
0.876825
0.819675
0.84529
0.829567
0.858791
0.809494
0.853778
0.842569
0.839159
0.842277
0.856863
0.836659
0.849501
0.829192
0.845951
0.839897
0.848652
0.837882
0.887004
0.834173
0.85129
0.83888
0.845237
0.830491
0.841163
0.901306
0.825405
0.878442
0.820232
0.838065
0.83604
0.831057
0.874283
0.81736
0.85936
0.837369
0.843393
0.839623
0.840998
0.83802
0.852372
0.836799
0.841119
0.839591
0.844641
0.832216
0.839921
0.844833
0.827777
0.845342
0.83922
0.843663
0.833344
0.85027
0.821507
0.849847
0.828349
0.844135
0.83706
0.844841
0.839565
0.844032
0.835787
0.853655
0.830191
0.845432
0.837506
0.843889
0.826245
0.851612
0.832628
0.843877
0.839959
0.84995
0.828736
0.844784
0.813809
0.845577
0.838227
0.841303
0.840781
0.832006
0.843083
0.839933
0.841501
0.837971
0.853521
0.837385
0.841018
0.843957
0.827414
0.839929
0.841329
0.839485
0.839869
0.839689
0.84001
0.837954
0.842183
0.834107
0.843411
0.824421
0.841194
0.847076
0.840141
0.8325
0.841739
0.89603
0.823566
0.862377
0.802651
0.856411
0.832973
0.871586
0.825037
0.853274
0.838889
0.842982
0.833539
0.84505
0.839751
0.840492
0.838141
0.846841
0.839862
0.823924
0.846419
0.834364
0.845819
0.839423
0.842524
0.840548
0.821571
0.836291
0.86947
0.796688
0.877496
0.80997
0.826721
0.80659
0.984628
0.638224
0.833526
0.823545
0.863155
0.752657
0.82281
0.805711
0.85231
0.814304
1.01465
0.878795
0.797208
0.879187
0.853248
0.811948
0.850622
0.927565
0.889101
0.811039
0.246053
0.831367
0.949776
0.925187
1.14943
0.884732
0.805515
0.848041
0.776091
0.894331
0.813145
0.854685
0.839192
0.839775
0.839811
0.838654
0.840324
0.838954
0.840563
0.839562
0.839774
0.8404
0.838261
0.844288
0.837434
0.842906
0.829416
0.840841
0.848726
0.835594
0.843309
0.83983
0.841439
0.83735
0.845469
0.834989
0.877771
0.822512
0.87239
0.832208
0.840056
0.837321
0.837062
0.841275
0.826401
0.842763
0.833224
0.847587
0.836747
0.821321
0.842805
0.832566
0.839033
0.837552
0.839366
0.838063
0.836198
0.839406
0.826065
0.848419
0.830833
0.843839
0.835959
0.837695
0.837163
0.837389
0.837012
0.837825
0.836693
0.83978
0.829526
0.838473
0.83708
0.837351
0.836669
0.838012
0.833433
0.840788
0.833636
0.887866
0.807654
0.865229
0.931656
0.809555
0.880508
0.797235
0.863598
0.824462
0.839755
0.837469
0.839825
0.835504
0.849973
0.839534
0.827645
0.835628
0.842392
0.807195
0.839634
0.854143
0.826312
0.846341
0.836967
0.821295
0.843338
0.834319
0.840051
0.838656
0.835146
0.842845
0.83085
0.856711
0.833646
0.840593
0.837418
0.841807
0.826878
0.839158
0.846836
0.832434
0.84321
0.823467
0.8428
0.832716
0.840086
0.837694
0.838823
0.835989
0.847534
0.834708
0.840121
0.836064
0.840779
0.835879
0.841629
0.831451
0.847251
0.835474
0.84017
0.837307
0.835657
0.838173
0.837561
0.840828
0.831904
0.841662
0.83511
0.83681
0.841596
0.829498
0.839958
0.837475
0.83876
0.801577
0.85117
0.817707
0.882489
0.784653
0.873424
0.844433
0.801752
0.882784
0.8121
1.25134
0.792628
0.933817
0.804564
0.825606
0.810516
0.822016
0.812683
0.820747
0.816244
0.819358
0.812615
0.822392
0.790568
0.834428
0.747595
0.806387
0.888425
0.789295
0.831567
0.844895
0.738468
0.838203
0.58075
0.808515
0.789647
0.923194
0.798969
0.82251
0.830602
0.823928
0.815886
0.838055
0.809873
0.84343
0.793457
0.830595
0.819188
0.827647
0.837123
0.808987
0.876855
0.790646
0.823757
0.808899
0.826107
0.816743
0.823513
0.795654
0.850719
0.821196
0.731176
0.856576
0.815317
0.766175
0.863687
0.973284
1.64182
0.967102
0.825494
0.938157
1.27546
0.877949
0.736007
0.868184
0.795667
0.805932
0.77933
0.828838
0.813472
0.7792
0.814091
0.804259
0.81181
0.804465
0.820014
0.769464
0.802311
1.08889
0.708866
0.244052
0.770286
0.673453
0.64183
0.736599
0.632221
0.699654
0.669623
0.703481
0.681885
0.684544
0.702071
0.682029
0.691654
0.684925
0.686926
0.67413
0.688067
0.52122
0.596004
0.929229
0.444279
0.620972
-0.109449
-0.291475
-0.471521
-0.376988
-0.367911
-0.413662
-0.216747
-0.391642
-0.299182
-0.588589
-0.859468
-0.485136
-0.385255
-0.509202
-0.134704
-0.410091
-0.503391
-0.666067
-0.971297
-0.326507
0.743169
0.468697
0.531685
0.519329
0.40066
-0.0797399
0.662176
0.651847
1.15324
0.821902
0.492825
0.658774
0.623044
0.725522
0.364861
0.0589017
-0.246709
-0.634778
-0.61143
-0.540428
-0.608178
-0.558336
-0.64338
-0.420849
-0.705823
-0.746288
-0.673129
-0.697818
-0.691145
-0.694073
-0.670478
-0.723078
-1.15698
-0.794389
-0.585891
-0.645846
-0.63938
-0.640909
-0.640825
-0.641094
-0.639866
-0.676656
-0.63853
-0.600985
-0.646566
-0.689873
-0.615185
-0.681274
-0.501616
-0.212712
-0.461058
-0.562055
-0.537092
-0.807222
-0.698677
-0.63448
-1.12176
-0.674245
-0.710854
-0.755934
-0.680058
-0.692527
-0.540427
-0.592529
0.508801
1.63111
1.26755
0.881899
1.99855
0.983933
1.24563
0.791195
1.4855
1.53944
1.37839
2.01522
1.36319
1.51796
1.61968
1.41878
1.5351
1.63174
1.22751
2.25678
1.52999
1.74764
1.32976
1.52541
1.33867
1.45332
1.44683
1.4472
1.44754
1.447
1.44745
1.4467
1.45035
1.44131
1.4624
1.44588
1.44814
1.44715
1.4492
1.40729
1.57925
1.49291
0.997352
0.685053
1.07107
0.997703
1.04486
1.07091
1.02055
1.25649
1.06994
1.09416
0.839516
0.931959
1.13798
0.867378
0.710412
0.804335
0.410804
0.649693
0.900277
0.651136
0.124484
0.319306
-0.103696
-0.0449203
-0.0352828
-0.493578
-0.246901
-0.254267
-0.329843
0.0076441
0.00242855
0.0310278
0.0163439
0.577079
0.111556
-0.0502742
0.0885618
0.0755783
0.138452
0.078941
0.105439
0.0609758
0.507086
0.0304792
0.04282
0.0890429
0.0226951
0.0351207
0.0371314
0.0343018
0.03462
0.034591
0.0343806
0.0360034
-0.00176839
0.134107
-0.159484
-0.478731
-0.52923
-0.272613
-0.671339
-0.551551
-0.555964
-0.55542
-0.722157
-0.533705
-0.574478
-0.582924
-0.47705
-0.611248
-0.598472
-0.716881
-0.633604
-0.920887
-0.658203
-1.2302
-0.923686
-0.434807
-0.581709
-0.558573
-0.573674
-0.571709
-0.572509
-0.569013
-0.57928
-0.569393
-0.573291
-0.498578
-0.558308
-0.550235
-0.676588
-0.418863
-0.00495035
-0.522377
-0.468688
-0.477657
-0.422774
-0.508529
-0.436855
-0.596717
-0.735321
-0.563879
-0.569766
-0.527618
-0.872064
-0.765912
-0.706407
-1.28092
-0.935416
-0.694066
-0.319318
0.583864
0.194139
0.20903
0.176661
0.197292
0.196384
0.195601
0.208753
0.170951
1.09101
0.138597
0.249672
0.229152
0.266288
-0.0501294
0.821352
1.63917
2.03249
1.33524
1.81451
1.46775
0.926197
1.52835
1.32641
1.46394
1.45381
1.43994
1.48795
1.32164
1.7759
1.64474
1.21873
1.47516
1.45847
1.46398
1.41764
1.61787
1.40374
1.08167
1.1704
1.47554
1.23732
1.21441
1.23572
1.20228
1.19515
1.31576
1.30823
0.994707
0.748701
0.299121
0.798771
0.740872
0.791877
0.74722
0.819139
0.68256
0.784272
0.914894
0.59299
-0.00120536
0.0168868
0.0938727
-0.0894321
-0.189214
0.00108678
-0.0632711
-0.305816
-0.0781174
-0.587622
-0.745078
-0.00927091
-0.248466
-0.0749491
-0.0659549
-0.094405
0.193327
-0.103971
-0.0767682
-0.0567572
-0.0266207
-0.296228
-0.0916495
-0.0877666
-0.100316
-0.638494
-0.0435719
0.0762347
0.013235
0.0164666
0.0158744
0.0158888
0.0163177
0.0150551
0.0161362
0.0157477
-0.00278766
0.0175385
0.0156975
0.0159392
0.0164571
0.0108039
0.0377059
-0.262016
0.711749
1.31147
0.695442
0.722367
0.627999
0.456896
0.737197
0.689941
0.583438
0.844235
0.679047
0.736239
0.650639
1.24419
0.75074
0.77489
0.927561
0.63688
0.727744
0.654651
0.72397
0.720166
0.716813
0.722852
0.657251
0.804767
0.478685
-0.0713801
-0.0473982
-0.07949
-0.0152833
-0.211519
-0.0729448
-0.100438
-0.119953
0.00383079
-0.382946
-0.275653
-0.122716
-0.44618
-0.804247
-0.310554
-0.337164
0.0399112
-0.120336
-0.117551
-0.11787
-0.11747
-0.115393
-0.12299
-0.0620459
-0.397686
-0.126527
0.728973
1.42567
0.938535
0.418583
1.07953
0.862703
0.980214
0.972528
0.975009
0.973434
0.975116
0.974624
0.927631
1.01504
0.958176
0.93866
0.977095
0.779831
1.00349
1.67339
1.33
0.933515
1.21937
1.02927
1.3878
0.984894
1.07435
1.76569
1.28816
0.858339
0.499451
0.573659
0.46424
0.641619
0.140022
0.41392
0.322899
0.324114
0.323058
0.361774
-0.0184789
0.260109
0.309861
0.336535
0.304871
0.347646
0.250107
0.539884
0.592176
-0.000196646
-0.189162
-0.643818
-0.296802
-0.396268
-0.366908
-0.367169
-0.36711
-0.36709
-0.366838
-0.374715
-0.169884
-0.493404
-0.572783
-0.502194
-0.433302
-0.500305
-0.50006
-0.464012
-0.755864
-0.640533
-1.03847
-0.553111
-0.533796
-0.308509
-0.597568
-0.54632
-0.56011
-0.332731
-0.566044
-0.57539
-0.568454
-0.56921
-0.566224
-0.573456
-0.54587
-0.996774
-0.558546
-0.552884
-0.688348
-0.47351
-0.53351
-0.512048
-0.433767
-0.507341
-0.450821
-0.793502
0.00140075
1.08403
0.599519
0.347498
0.182103
0.6379
0.624505
0.756778
0.659618
0.67283
0.664425
0.719127
0.646863
0.393512
0.715471
1.66804
2.10576
1.33123
1.61701
1.03206
0.822628
0.969392
0.965419
1.09081
0.983813
1.23214
0.752907
0.856552
0.833456
0.852193
0.714065
0.860913
0.850026
0.894303
0.783414
0.858929
0.851902
0.591807
1.32613
1.15207
0.55843
0.878755
0.858248
0.604242
0.0864985
0.0848342
0.0262917
0.0923674
0.11934
0.0880093
0.106039
-0.255198
0.09781
0.092796
0.0996045
0.0568325
0.092929
0.156887
0.0935458
0.117928
0.102302
0.108962
0.0935279
0.457449
0.102207
0.147737
0.00872453
0.14275
-0.345665
-0.256154
-0.664526
-0.536498
-0.637614
-0.574292
-0.596141
-0.614867
-0.595751
-0.599924
-0.581139
-0.681262
-0.595255
-0.608182
-0.553419
-0.678001
-1.02241
-0.739697
-0.778818
-0.798131
-0.772842
-0.775137
-0.774335
-0.775711
-0.772485
-0.78538
-0.463891
-0.561525
-0.467992
-0.175203
-0.468158
-0.434587
-0.442316
-0.383576
-0.437486
-0.441608
-0.436624
-0.415191
-0.443087
-0.444273
-0.676842
-0.440796
-0.475846
-0.303695
-0.430983
0.279359
-0.296379
-0.209333
-0.394024
-0.275908
-0.469549
-0.427161
-0.417353
-0.46709
-0.463171
-0.5141
-0.76092
-0.709736
-0.712114
-0.713869
-0.707237
-0.89179
-0.666739
-0.683981
-0.675887
-0.676565
-0.676438
-0.676026
-0.678285
-0.678141
-0.678473
-0.678168
-0.678249
-0.678383
-0.678204
-0.678538
-0.677711
-0.681338
-0.65275
-0.683961
-0.76214
-0.993616
-0.900882
-1.3906
-1.02416
-0.714269
-0.780285
-0.776297
-0.780755
-0.779456
-0.811216
-0.77685
-0.782339
-0.78103
-0.77857
-0.791967
-0.765182
-0.777133
-0.858673
-0.368045
-0.891124
-0.159126
0.67975
0.320857
1.44643
1.79157
0.932949
1.10881
2.20527
1.28943
1.68085
2.23689
1.60852
1.73304
1.92788
1.51705
1.13185
1.64034
1.28435
1.59661
1.57137
0.952009
1.08381
0.714829
0.889088
0.729374
0.92194
0.860085
0.923022
0.904932
0.837374
0.88088
0.62848
1.02406
0.851166
0.946959
1.40905
0.762209
0.87263
0.119079
0.169561
0.41924
-0.271116
0.0173733
-0.218489
-0.227093
-0.224424
-0.240081
-0.223064
-0.225527
-0.224002
-0.229435
-0.0662164
-0.296179
-0.54292
-0.962419
-0.343212
-0.225096
-0.282951
-0.279872
-0.280302
-0.28047
-0.278792
-0.280313
-0.527415
-0.255208
-0.146523
-0.242888
-0.269782
-0.21713
-0.326783
-0.247111
-0.817755
0.326987
1.06453
0.573563
0.22585
0.460221
0.205211
0.646628
1.12859
1.68482
1.13733
1.01885
1.89575
1.00447
1.06721
1.00916
1.01736
1.01059
1.05015
0.994909
1.08223
0.748882
1.08329
1.04848
0.957358
1.45527
1.1362
1.03827
0.839203
0.978201
0.40195
0.318576
0.584623
0.457774
0.497858
0.486245
0.518432
0.468391
0.540673
0.402055
0.780116
0.656805
0.192834
0.417645
0.00654526
-0.369325
-0.128294
-0.202092
-0.203054
-0.199782
-0.198629
-0.204449
-0.173811
-0.2563
0.0169975
-0.278226
-0.6848
-0.320236
-0.450438
-0.420662
-0.541043
-0.397091
-0.461852
-0.432593
-0.431783
-0.414415
-0.39288
-0.40915
-0.410927
0.0057281
-0.439479
-0.430819
-0.410279
-0.496713
-0.62585
-0.501444
-0.547598
-0.410789
-0.832262
-0.775175
-1.23424
-0.68247
-0.89214
-0.64914
-0.684956
-0.917041
-0.410918
0.434209
0.0702599
1.10964
0.955495
1.61511
1.13643
0.836711
1.057
0.37846
0.321041
0.716786
1.55452
1.23946
1.31483
0.719307
1.30102
1.77483
1.36942
1.62067
1.49742
0.871028
1.05542
1.11668
0.619832
0.484534
0.775842
0.743213
0.758623
0.754657
0.803432
0.780867
0.774007
0.788481
0.780465
0.781724
0.781573
0.781658
0.78184
0.781365
0.781776
0.781498
0.781944
0.78116
0.784634
0.740492
0.881746
0.403798
0.517489
0.234587
0.341989
0.210402
0.564752
-0.0782195
-0.462191
-0.384457
-0.400132
-0.54419
-0.236696
-0.200215
-0.129082
-0.196183
-0.334134
0.425578
0.218598
-0.222621
-0.244468
-0.211568
-0.244307
-0.239882
-0.156798
-0.551643
-0.425102
-0.491777
-0.484863
-0.486733
-0.485396
-0.471098
-0.489598
-0.484022
-0.486895
-0.400774
-0.651617
-0.772662
-0.611434
-0.678306
-0.654991
-0.677829
-0.639831
-0.825953
-0.713781
-0.84397
-0.656752
-0.680168
-0.626025
-0.655288
-0.653355
-0.504062
-0.661736
-0.61825
-0.656695
-0.652349
-0.652271
-0.6518
-0.652084
-0.651351
-0.673646
-0.404058
-0.765593
-0.841577
-1.08077
-1.28256
-0.711739
-0.742637
-0.744874
-0.729829
-0.901745
-0.711615
-0.733482
-0.766171
-0.724816
-0.734497
-0.681713
-0.775012
-0.527225
-0.90853
-0.80337
-1.22103
-0.943446
-0.386081
0.424371
0.139438
1.0316
0.316798
0.119853
0.193718
0.354989
0.553292
0.059618
-0.213607
-0.463285
-0.69534
-0.654169
-0.750186
-0.528753
-0.629245
-0.631141
-0.60749
-0.631071
-0.628402
-0.652337
-0.627549
-0.629586
-0.630597
-0.623654
-0.641485
-0.621028
-0.912197
-0.739165
-0.6444
-0.480093
-0.596037
-0.550849
-0.596106
-0.887717
-0.464742
-0.422443
-0.458327
-0.449972
-0.475051
-0.218867
-0.267899
-0.257638
-0.317623
-0.285131
-0.215327
0.380359
-0.0539648
-0.0363756
-0.0501538
-0.0508002
-0.048246
-0.0150184
-0.118734
0.863671
2.09659
1.62981
1.10696
1.32478
2.26041
1.56345
1.88232
1.60837
1.03163
0.983775
1.60831
1.38216
1.49576
1.79406
1.28107
1.269
1.21476
1.25108
1.22675
1.31405
1.04263
1.33296
1.1541
1.26464
1.79565
1.31111
1.32914
1.35114
1.31705
1.32974
1.32089
1.55322
1.1829
1.31318
1.27001
1.27654
1.27089
1.29884
1.27033
1.27125
1.27054
1.26575
1.42406
0.954416
0.583082
0.689834
0.81629
0.74031
1.21045
0.857036
0.873675
0.893503
0.820941
1.06288
0.577844
0.0703242
-0.130662
0.242384
-0.0624704
0.0162539
0.00379176
0.024585
-0.100202
0.0131765
-0.0118397
0.0642963
0.00246527
-0.327214
-0.048527
-0.114806
0.21181
-0.0151183
0.0113679
0.710382
0.24387
0.0592549
-0.408267
-0.58439
-0.30897
-0.724476
-1.0112
-0.446282
-0.303854
-0.313105
-0.311025
-0.311238
-0.311618
-0.311361
-0.311406
-0.311427
-0.311419
-0.290134
-0.319433
-0.309342
-0.415995
-0.280014
-0.309479
-0.465953
0.119505
-0.292019
-0.234052
-0.251906
-0.110231
-0.38871
-0.327667
-1.0606
-0.855127
0.0838054
-0.119579
0.125009
1.51547
0.850601
0.971989
0.773385
0.959444
0.772647
1.06585
1.03472
1.02555
1.04239
1.39108
1.11602
0.594364
0.913194
0.907574
0.90922
0.90897
0.909004
0.908039
0.912444
0.903754
0.929345
0.816226
0.938818
0.891945
0.904898
0.983352
0.449786
1.6079
2.18412
1.41586
1.72151
1.26612
1.39751
2.18011
1.65238
1.95404
1.69359
1.08608
1.46331
1.51677
1.88878
1.46138
1.53522
1.54117
1.50487
1.56019
1.52934
1.56736
1.9556
1.5328
1.72083
1.65513
1.24604
1.48355
1.40437
1.42319
1.44631
1.29777
1.67423
1.46234
0.860663
1.17217
0.474302
1.24532
1.08781
1.29463
1.20767
1.24213
1.22851
1.25615
1.22248
1.23176
1.21903
1.25321
1.12303
1.34277
1.13494
1.19093
0.688304
0.630143
0.0302748
0.0649891
-0.245553
0.248549
-0.182085
-0.48961
-0.322211
-0.327017
-0.0258158
-0.407139
-0.596589
-0.543932
-0.569312
-0.551541
-0.909703
-0.587057
-0.591469
-0.535324
-0.803438
-1.07622
-0.626998
-0.418528
-0.603371
-0.615781
-0.601908
-0.520342
-0.73102
-0.896236
-0.441399
-0.648189
0.0111982
0.841048
0.192736
-0.0488077
-0.515434
-0.356748
-0.379927
-0.397563
-0.470322
-0.388222
-0.405761
-0.169754
0.0461341
-0.276919
-0.653383
-0.949985
-1.10106
-0.709063
-0.763321
-0.821409
-0.720855
-0.624529
-0.451704
-0.19961
-0.667273
-0.47967
-0.494073
-0.498954
-0.483794
-0.496596
-0.506175
-0.493841
-0.428976
-0.596204
-1.03688
-0.270825
-0.582877
-0.617331
-0.52865
0.382516
1.01739
1.92546
1.33038
1.76152
1.69218
1.55745
1.88585
1.71648
1.26012
0.898015
0.335117
1.09711
2.2176
1.85444
2.28691
1.48857
1.9127
1.83718
1.85433
1.84748
1.84915
1.84897
1.8492
1.73335
1.98623
1.37322
1.79862
1.76742
1.81649
1.77895
1.88517
1.79109
1.80591
1.79795
1.79907
1.79886
1.79894
1.79933
1.79801
1.80505
1.57953
1.95722
1.67222
0.93004
1.2351
1.43918
0.891391
1.10044
1.31375
1.60843
1.2678
1.29568
1.28779
1.28897
1.28444
1.30902
1.20246
1.34603
1.31301
1.27441
1.49414
1.41158
1.38317
0.871131
0.970776
0.959958
0.974595
0.710597
0.962989
1.04432
0.963566
0.720716
0.201553
-0.0808569
0.0811515
0.0793999
0.0776357
0.0781033
0.0779929
0.0779181
0.0789682
0.0761374
0.0867661
0.0317445
0.10517
0.0761101
0.0796061
0.0772436
0.0781633
0.0777816
0.0780876
0.0749156
0.0919441
0.0407394
0.0697061
0.0701328
0.106849
-0.358816
0.0393072
0.104544
0.779527
0.922626
0.662567
0.810791
0.690272
0.642407
0.755538
0.847676
0.603641
-0.0897297
0.067449
-0.0572673
-0.0190395
-0.0295962
-0.0525655
0.0207692
-0.0689741
-0.283041
-0.149371
0.118408
0.0215502
0.0301129
-0.127657
-0.0607336
-0.0620488
-0.061318
-0.0625838
0.0370063
-0.532113
-0.791545
-0.547875
-0.481496
-0.956633
-0.294918
-0.491657
-0.442045
-0.0885226
-0.575215
-0.485013
-0.929333
-0.371477
0.40121
1.36067
0.925526
1.11331
1.04106
0.777946
1.13089
1.13624
1.07828
1.22878
2.05564
1.09024
1.35088
1.07549
0.965278
1.09704
1.06893
1.07819
1.07885
1.07544
1.03865
1.08151
1.10297
0.954414
1.71656
1.12087
1.35951
1.14264
1.18135
1.18166
0.377852
0.726663
0.632759
0.681971
0.56523
0.878601
0.592121
0.679961
0.441439
0.247371
0.435184
0.414297
0.433269
0.426312
0.429097
0.411615
0.432054
0.413957
0.429599
0.425261
0.433949
0.426075
0.556472
0.412497
0.311721
0.385297
-0.0125622
0.920281
0.805778
0.729065
1.1111
1.60302
1.10086
0.551238
0.727453
0.946383
0.685887
0.751814
0.736915
0.770429
0.66201
1.05665
0.418346
-0.130911
0.0178905
-0.465392
-0.0222266
-0.536915
-0.349223
-0.481834
-0.479253
-0.483715
-0.503706
-0.355776
-0.635582
-0.578036
-0.522523
-0.885066
-0.741011
-1.17376
-0.737622
-0.631502
-0.897048
-0.560542
-0.627641
-0.23898
-0.599924
-0.543258
-0.494365
-0.554066
-0.546643
-0.562633
-0.49483
-0.544631
-0.590942
-0.386593
-0.701871
-0.656652
-0.75248
-1.14423
-0.814371
-0.112647
0.153222
-0.0749381
-0.12723
0.0318833
-0.0257848
0.921041
0.451694
0.661664
1.46727
0.872119
0.887025
0.870821
1.00242
0.817147
0.905262
0.964289
0.874237
1.64708
1.01484
0.653377
0.682851
0.66271
0.667853
0.640566
0.678322
0.660853
0.672145
0.667282
0.670799
0.937545
0.234893
0.228039
0.256783
0.203321
0.229153
0.22726
0.228702
0.227448
0.231639
0.215626
0.231907
0.0855354
0.211421
0.246787
0.216164
0.222152
0.220728
0.226646
0.128495
0.465295
1.08395
0.963485
0.946502
0.972407
0.861256
1.56506
0.880292
0.92365
0.970275
0.89494
1.05534
1.65032
1.02057
1.08831
1.05784
1.0654
1.08216
1.03204
1.35451
0.979719
1.03601
1.01326
1.01855
0.981811
1.38408
1.16644
0.647402
0.667129
0.450606
0.754411
0.732946
0.742768
0.87584
0.61493
-0.0850048
0.274733
0.0696468
0.0489384
0.0670455
0.0626955
0.107162
0.0534912
0.168662
-0.181175
0.0644428
0.0226192
0.0675595
-0.0492061
0.0149946
0.314088
-0.384347
-0.569445
-0.334046
-0.525133
-0.541776
-0.508476
-0.536629
-0.591868
-0.525898
-0.539777
-0.54683
-0.547113
-0.514698
-0.732491
-0.390189
-0.570725
-0.561364
-0.565096
-0.53233
-0.605444
-0.516749
-0.301506
-0.568241
-0.601262
-0.631125
-0.527629
-0.993694
-0.752535
-1.09852
-0.213108
0.392793
0.0257229
0.0941563
0.067741
0.0495752
0.426712
-0.0694621
-0.0535955
-0.0560252
-0.134033
-0.182191
-0.420475
-0.904978
-0.37544
-0.192336
-0.0369483
0.178312
0.210143
0.208971
0.0645926
0.608641
0.217162
0.192126
0.224143
0.255236
0.222005
0.573385
0.230127
0.202766
0.233108
0.211835
0.255313
0.22599
-0.146108
-0.122884
-0.100837
-0.413299
-0.355069
-0.40289
-0.382818
-0.350294
-0.386578
-0.385892
-0.385022
-0.385382
-0.397152
-0.384133
-0.385176
-0.377536
-0.389532
-0.677645
-0.482703
-0.537155
-0.467814
-0.921838
-1.27775
-0.701162
-0.731058
-1.01184
-0.537265
-0.243467
0.792131
1.66333
0.763018
1.15926
1.70233
0.988877
1.08121
0.334888
1.12714
1.29695
2.26714
1.49136
1.03715
1.69425
1.29289
2.02668
1.25198
1.946
1.66213
1.35411
1.12377
1.39654
1.2585
1.62779
1.22621
1.36604
0.809745
1.1302
0.417005
0.621695
0.708857
0.130397
-0.25959
0.0167182
-0.364021
-0.578759
-0.591394
-0.62518
-0.57903
-0.581038
-0.595327
-0.578592
-0.583441
-0.829914
-0.588137
-0.638413
-0.525451
-0.562366
-0.505042
-0.743083
-1.00798
-0.647717
-0.626214
-0.76223
-0.49002
-0.163178
0.14313
-0.211676
-0.463711
-0.264258
0.3248
-0.205602
-0.141737
-0.383344
-0.346494
-0.350302
-0.392844
-0.323645
-0.338935
-0.331015
-0.343544
-0.337715
-0.248005
-0.459669
-0.474299
-0.619428
-0.437207
-0.472825
-0.432779
-0.445499
-0.439331
-0.405036
-0.500901
-0.460159
-0.949113
-0.654172
-0.732516
-0.689417
-0.721316
-0.547796
-0.769897
-1.291
-0.858668
-0.457489
-0.674347
0.163702
-0.22126
1.06919
1.55705
1.36403
0.597676
0.917814
0.749657
0.831426
0.821104
0.833494
0.821856
0.860135
0.82291
0.814888
0.852307
0.633067
0.907584
0.232446
1.26542
2.26336
2.03752
1.38675
1.03607
1.15718
1.41418
1.85646
1.46373
2.10835
1.40061
1.59439
1.45782
1.47157
1.4609
1.55606
1.33753
1.63453
1.42178
1.46481
1.44353
1.44354
1.44369
1.44398
1.44262
1.43888
1.28382
1.74433
1.60636
1.62427
1.23582
1.00286
1.2458
0.619492
0.791168
0.743767
0.761968
0.746374
0.75146
0.748541
0.750005
0.749806
0.749991
0.749029
0.755807
0.676331
0.747536
0.754562
0.749075
0.730163
0.748443
0.7409
0.771716
0.744048
0.75099
0.743504
0.764236
0.691666
0.878562
1.22828
0.980544
1.30845
0.815522
0.882027
0.85153
0.86759
0.835815
1.07782
0.767015
0.565831
0.643111
0.564828
0.657741
0.561065
0.707312
1.02666
0.715554
0.766779
0.305444
0.00819306
0.25338
0.217834
0.182791
0.212492
0.234221
0.192604
0.238965
0.254824
-0.274788
-0.0851921
-0.516967
-0.271108
0.441154
0.14217
0.348642
0.699639
0.108735
-0.46715
-0.314149
-0.575711
-0.500575
-0.524898
-0.487833
-0.683969
-0.536158
-0.538211
-0.269779
-0.40353
-0.559125
-0.523199
-0.553766
-0.457712
-0.724415
-0.664924
-1.03537
-0.542156
-0.567799
-0.625794
-0.555558
-0.490861
-0.557014
-0.543968
-0.580857
-0.436989
-0.761374
-1.20798
-0.685763
-0.759801
-0.92802
-0.182258
-0.541085
0.486478
1.24114
2.05344
1.31602
1.92738
1.30411
1.976
1.52519
1.60554
1.3765
1.60483
1.47493
1.50777
1.49279
1.44766
1.92289
1.2744
1.44365
1.38785
1.39359
1.34056
1.47473
1.20769
0.664876
1.35749
1.53582
1.33191
1.45374
1.43246
1.45826
1.37727
1.6058
1.18799
1.63247
1.34562
0.687823
0.9154
0.88125
0.873969
0.876135
0.884882
0.777592
0.866622
0.856458
0.863526
0.862598
0.927934
0.773299
0.848473
1.13056
0.849598
0.853667
0.843296
0.854306
0.862196
0.489188
0.796062
1.08576
-0.182433
0.342308
-0.10035
0.0428662
0.0422184
0.0423417
0.0412661
0.0458433
0.041325
-0.0262815
0.469579
-0.194732
-0.0178953
-0.524813
-0.242876
-0.270115
0.0638138
-0.372602
-0.649138
-0.480413
-0.51026
-0.494278
-0.501217
-0.498697
-0.499139
-0.499066
-0.499063
-0.499069
-0.499095
-0.499488
-0.498192
-0.500971
-0.496252
-0.508594
-0.462294
-0.664252
-0.458851
-0.570911
-0.526323
-0.546234
-0.561405
-0.515605
-0.53577
-0.66577
-0.559103
-0.306332
-0.760063
-0.980609
-0.711363
-1.08988
-0.891873
-1.53022
-1.01551
-0.897299
-0.439184
-0.855615
-0.213939
0.749614
-0.0277261
0.0815206
-0.560798
0.777387
2.21726
1.20669
0.671988
1.11692
1.80711
1.83032
1.46172
2.51269
2.18742
1.63637
2.10725
1.89454
1.02917
1.70806
1.38947
1.45369
1.40056
1.44742
1.33758
1.50725
1.25862
1.88972
1.3793
1.70176
1.4065
1.4564
1.43474
1.43691
1.43681
1.43657
1.43992
1.42775
1.5643
1.09373
1.32375
1.34309
1.25115
0.893518
1.42646
1.51111
1.33248
1.40189
1.39851
1.45343
1.18264
1.66565
1.26617
1.40748
1.39424
1.39964
1.33952
1.47601
1.09238
1.27209
0.702108
0.13294
-0.347442
0.206941
0.108144
0.194278
-0.0373962
0.092228
-0.0111939
0.650892
0.776411
0.525795
0.0476017
0.131887
-0.239961
-0.661682
-0.563992
-0.595614
-0.486413
-0.554249
-0.609067
-0.566994
-0.65121
-0.656252
-0.648204
-0.649326
-0.747995
-0.637606
-0.632422
-0.645518
-0.645446
-0.650779
-0.644863
-0.67604
-0.644823
-0.652125
-0.645028
-0.674794
-0.575848
-0.716635
-0.375417
-0.477114
0.0795022
-0.497363
-0.848009
-0.549205
-0.646076
-0.583533
-0.583408
-0.583171
-0.584041
-0.575166
-0.644006
-0.506624
-0.949582
-0.844545
-1.21831
-0.846329
-0.750932
-0.883627
-0.688394
-0.763784
-0.812075
-0.782821
-1.04572
-0.40396
0.287761
0.869546
0.684982
1.14528
0.494392
0.732694
0.629106
0.626106
0.643561
0.567187
0.811929
1.65228
1.08213
0.475032
0.552592
0.519833
0.543545
0.390492
0.540041
0.450743
0.462059
0.893026
0.370164
0.506746
0.403479
0.539359
0.517952
0.514094
0.777012
0.401413
-0.277153
0.0748399
0.0599941
0.0623396
0.0566122
0.067602
0.0624668
0.0168543
0.0584204
0.0246767
0.077818
0.0601613
0.0185235
0.37182
0.0417098
0.103432
0.161891
-0.346605
-0.208231
-0.536056
-0.458208
-0.458191
-0.458836
-0.456664
-0.469813
-0.227485
-0.365217
-0.605616
-0.518329
-0.540515
-0.54083
-0.5395
-0.74217
-0.541961
-0.583269
-0.554108
-0.564799
-0.561026
-0.610424
-0.343865
-0.645113
-0.887106
-1.33226
-0.875881
-0.758468
-0.801261
-1.08744
-0.883333
-0.595606
-0.672539
-0.497392
-0.930792
-0.675666
-0.631923
-0.795953
-0.561104
-0.623474
-0.0660973
-0.453266
0.501611
0.797168
1.21646
0.685497
0.817372
0.0766708
0.238274
0.0995555
0.123627
0.0415988
0.162561
0.148992
0.181804
0.123736
0.121793
0.342105
-0.477219
-0.343573
-0.38923
-0.311195
-0.375092
-0.211089
-0.454254
-0.426933
-0.621776
-0.460471
-0.474525
-0.485003
-0.881329
-0.500163
-0.492362
-0.56051
-0.487211
-0.454017
-0.473484
-0.257038
-0.473698
-0.449692
-0.502972
-0.435577
-0.390119
-0.432747
-0.441713
-0.434243
-0.437601
-0.43409
-0.616781
-0.794966
-0.516904
-0.46093
-0.46794
-0.436102
-0.471914
-0.86035
-1.21009
-0.28418
0.747762
1.46026
0.389695
0.808255
0.608179
1.52472
0.634916
0.983477
0.697127
0.706206
0.71249
0.702372
0.710149
0.694809
0.720744
0.702181
0.699759
0.706068
0.702822
0.702758
0.702823
0.701948
0.706979
0.705132
0.991742
0.370873
-0.160109
-0.0846977
0.00638101
-0.266996
-0.53064
-0.387449
-0.416481
-0.402531
-0.405615
-0.413886
-0.405876
-0.437974
-0.398073
-0.409787
-0.383276
-0.44077
-0.322782
-0.572035
-0.48076
-0.923485
-0.565808
-0.323359
-0.380849
-0.381081
-0.379871
-0.471818
-0.358018
-0.263256
-0.527181
-0.905119
0.123476
-0.0531275
0.00901144
0.231297
-0.391703
0.0950799
1.01435
2.01215
0.946173
1.35201
1.22846
1.24344
1.23301
1.23418
1.23412
1.234
1.23668
1.21922
1.4494
1.14686
1.97931
1.06263
1.79207
1.26003
1.30555
1.28064
1.28631
1.27863
1.57894
1.25993
1.25366
1.25496
1.25539
1.2544
1.25539
1.2551
1.25301
1.34548
1.13218
1.28881
1.67195
1.21965
1.26644
1.25872
1.25868
1.27886
1.19596
1.45135
1.23553
1.26529
1.26131
0.969214
1.34646
0.745669
-0.115962
-0.0550899
0.0369897
-0.119358
-0.0413593
-0.0863643
-0.0808068
-0.0814198
-0.0765497
-0.366344
-0.036015
-0.0948636
-0.0723087
-0.0725297
-0.0720074
-0.0735841
-0.0702937
-0.232431
0.199715
-0.177472
-0.479045
-0.880384
-0.153096
-0.110962
-0.0888013
-0.10453
-0.102187
-0.102825
-0.102573
-0.103123
-0.102642
-0.102095
-0.104831
-0.098676
-0.439997
-0.0546834
-0.0108427
-0.123965
0.0957469
0.824389
0.983218
1.05631
0.915771
0.950361
0.907629
0.960378
0.834268
1.46945
0.812494
0.975127
0.881258
0.90387
0.902792
0.898062
0.903356
0.89987
0.911252
0.842432
1.04922
0.861698
0.0259489
0.138161
0.127566
0.129109
0.129064
0.12988
0.12408
0.150386
0.123331
0.132937
0.122305
0.128058
0.127358
0.127165
0.127303
0.212562
-0.584198
-0.197898
-0.499744
-0.191863
-0.363022
0.533873
1.31552
1.37961
0.875942
1.15005
1.04208
1.06855
1.22357
1.02908
1.05537
1.09746
1.04216
1.06445
1.06786
1.05943
1.11609
0.93516
0.647484
1.17749
1.04192
1.05515
1.05453
1.05489
1.05411
1.06704
1.05391
0.965917
1.08204
1.07907
1.0764
1.38826
1.11683
1.10899
1.11649
1.12437
1.11356
1.11713
1.23763
1.05795
1.48946
1.0885
1.09958
1.08681
1.0909
1.09007
1.09467
1.06845
1.0969
1.09098
1.09329
1.08902
1.09589
1.02581
1.18763
