468.339
379.537
422.843
399.829
399.668
399.668
399.668
399.628
399.673
399.673
399.362
399.576
399.576
399.635
399.635
399.678
399.678
399.647
399.7
399.753
399.753
399.788
399.828
400.115
399.84
399.84
399.84
399.84
399.807
399.69
399.69
399.69
399.69
399.722
399.679
399.599
399.599
399.573
399.573
399.573
399.573
399.573
399.573
399.573
399.573
399.573
399.638
399.638
399.679
399.679
399.608
399.653
399.653
399.653
399.653
399.653
399.653
399.653
399.653
399.653
399.653
399.603
399.603
399.603
399.603
399.603
399.603
399.603
399.603
399.603
399.603
399.603
399.603
399.603
399.603
399.603
399.603
399.603
399.603
399.603
399.603
399.603
399.603
399.603
399.603
399.643
399.643
399.643
399.643
399.643
399.643
399.643
399.643
399.643
399.643
399.643
399.643
399.643
399.643
399.643
399.643
399.643
399.698
399.698
399.698
399.698
399.804
399.804
399.804
399.691
399.691
399.691
399.691
399.663
388.953
399.536
399.536
399.536
399.536
399.536
399.536
399.536
399.536
399.536
399.536
399.536
399.536
399.536
399.536
399.536
443.833
402.175
399.443
399.443
399.443
399.443
399.396
399.396
399.347
399.347
399.349
399.349
399.349
399.314
399.314
399.314
399.314
399.314
399.314
399.314
399.175
399.07
399.07
399.016
398.237
398.676
398.655
398.655
398.655
345.3
415.382
399.491
399.519
399.519
399.519
399.519
399.519
399.519
399.611
399.611
399.648
399.648
399.648
399.684
399.694
399.694
399.694
399.694
399.736
400.104
399.746
399.765
399.765
399.765
399.765
399.765
398.863
363.931
379.718
392.549
551.659
621.379
580.1
634.901
596.377
615.775
563.072
646.362
633.662
610.418
641.281
668.306
633.302
599.558
649.958
639.452
636.956
628.081
693.202
636.021
655.604
673.239
590.721
646.925
624.242
614.12
551.42
636.342
627.259
627.828
627.911
609.562
628.592
628.52
628.52
628.52
628.52
628.52
628.52
631.828
627.36
629.226
578.269
627.736
629.951
628.514
628.765
642.98
626.743
629.396
628.738
628.793
628.793
628.793
628.793
628.793
628.793
628.793
628.793
628.793
628.748
628.754
628.754
628.754
628.754
628.754
628.757
628.757
628.757
628.757
628.757
628.757
628.757
628.757
628.757
628.757
628.757
628.758
628.758
628.758
628.758
628.758
628.758
628.572
629.2
628.796
628.796
618.004
628.451
628.568
628.754
628.688
628.688
628.688
628.688
632.468
628.704
628.766
628.784
628.971
628.822
565.303
626.799
628.143
627.517
627.517
627.426
627.463
617.597
627.462
627.462
628.214
627.46
637.52
594.434
633.122
623.461
614.633
625.984
628.722
625.023
560.955
632.712
627.382
657.923
617.993
629.16
628.269
627.306
635.794
583.884
620.385
627.26
628.895
642.982
625.955
549.794
626.124
624.609
620.205
628.909
625.279
604.985
626.839
628.047
628.124
627.85
627.978
638.497
625.182
627.884
628.414
627.831
627.849
579.541
628.377
628.268
628.354
628.354
628.354
628.292
628.292
628.331
628.321
628.378
628.378
632.146
628.182
628.361
628.361
628.361
628.567
628.387
628.387
628.387
628.387
628.387
628.387
628.387
628.387
628.387
628.387
628.387
628.387
628.387
628.387
628.387
628.387
628.387
619.484
628.384
628.384
628.383
628.47
628.428
628.428
628.415
628.37
627.563
628.299
628.299
628.299
628.305
628.348
628.31
628.313
631.179
628.476
628.476
628.476
628.476
628.583
628.679
628.583
565.469
620.382
640.212
596.633
617.878
626.807
626.429
635.283
627.116
627.129
628.049
625.241
550.055
587.987
629.633
632.523
628.655
629.739
621.519
631.532
666.068
627.193
630.096
630.099
634.177
630.081
628.837
642.391
600.372
630.558
629.673
630.252
635.566
623.207
631.172
629.208
650.041
631.17
570.218
610.232
643.423
618.141
635.154
628.368
581.696
631.072
638.359
630.56
628.24
631.537
630.768
630.778
630.778
630.778
630.778
630.675
630.675
630.675
630.755
630.721
630.589
630.589
630.628
630.569
630.513
630.529
629.752
630.547
630.479
630.392
630.343
630.295
630.243
630.243
630.243
647.172
590.442
637.427
607.394
625.8
628.941
621.858
625.326
645.26
568.839
635.278
719.971
672.282
691.684
652.436
674.205
666.124
677.792
683.988
697.959
635.15
660.733
665.941
662.497
658.749
673.625
657.822
659.273
658.205
658.171
658.06
656.694
651.143
657.673
661.767
680.482
643.039
669.648
659.196
656.28
656.238
655.383
656.327
657.509
656.157
656.638
656.473
653.619
656.693
684.242
656.702
649.369
656.509
656.402
656.402
656.402
656.402
656.847
655.83
656.329
663.224
656.233
656.233
656.344
656.39
656.337
656.337
656.354
656.354
656.354
656.354
656.36
656.36
656.36
656.373
656.373
656.373
656.372
656.372
656.372
656.372
656.372
656.371
656.425
656.37
656.317
656.317
656.304
656.304
656.304
656.304
656.304
656.304
656.28
656.299
656.28
656.331
656.34
656.34
656.303
655.68
657.69
656.331
656.284
656.295
656.295
656.295
656.167
656.111
656.111
656.111
656.078
656.078
656.079
656.079
653.888
655.777
671.442
635.076
666.547
655.27
682.914
641.179
664.279
677.601
645.122
671.416
621.11
667.789
656.182
652.37
655.009
654.645
654.574
654.574
654.574
654.574
654.574
654.582
654.54
647.428
661.468
654.65
654.292
654.742
654.742
654.742
654.742
654.742
654.745
654.745
654.745
654.745
654.803
654.803
654.803
654.866
654.866
654.866
654.817
654.817
654.817
654.817
654.822
654.822
654.822
654.822
654.822
654.822
654.822
654.818
654.818
654.742
654.742
654.742
654.742
654.742
654.742
654.742
654.764
654.83
654.83
654.827
654.827
654.832
654.832
654.832
654.832
654.832
654.832
654.832
654.81
654.81
654.81
654.81
654.81
654.807
654.807
655.164
654.821
654.821
654.821
654.821
651.27
654.703
668.457
656.099
653.735
654.799
644.889
663.967
657.348
654.919
633.506
655.863
654.553
663.959
654.675
654.853
647.801
654.873
654.873
654.873
654.873
654.844
654.844
654.834
654.834
654.834
654.834
654.834
654.834
654.834
654.834
654.834
654.179
654.813
657.984
655.091
655.048
654.845
626.954
653.505
654.823
654.818
654.818
654.813
654.813
656.342
654.596
654.596
654.596
654.645
654.645
654.645
654.645
654.645
654.645
654.645
654.645
654.645
654.645
654.645
654.645
654.645
654.645
654.645
654.645
654.65
654.674
654.674
654.674
654.674
654.674
654.674
654.674
654.674
654.674
654.674
654.674
654.674
654.676
654.676
654.676
654.676
654.676
654.676
654.676
654.676
654.676
654.676
654.676
654.676
654.676
654.676
654.676
654.676
654.676
654.676
654.676
654.676
654.676
654.676
654.676
654.676
654.676
654.676
654.676
654.676
654.676
654.676
654.676
654.676
654.676
654.676
654.676
654.676
654.676
654.676
654.676
654.676
654.676
654.676
654.676
654.676
654.676
654.676
654.676
654.676
654.676
654.676
654.676
654.676
654.676
654.676
654.676
654.676
654.676
654.676
654.676
654.676
654.676
654.676
654.676
654.676
654.676
654.676
654.676
654.676
654.676
654.676
654.676
654.676
654.676
654.676
654.676
654.676
654.676
654.676
654.676
654.676
654.676
654.676
654.676
654.676
654.676
654.676
654.676
654.676
654.676
654.676
654.676
654.676
654.676
654.676
654.676
654.676
654.676
654.676
654.676
654.676
654.676
654.676
654.676
654.676
654.676
654.676
654.676
654.676
654.676
654.676
654.676
654.676
654.676
654.676
654.676
654.676
654.676
654.676
654.676
654.676
654.676
654.676
654.676
654.676
654.676
654.676
654.682
654.682
654.682
654.682
654.682
654.683
654.683
654.683
654.501
654.649
654.649
655.508
650.222
654.622
654.622
654.622
654.622
659.544
654.721
654.7
635.747
654.717
655.034
654.71
654.657
654.597
653.896
654.649
654.643
654.649
654.649
658.804
654.426
654.771
654.678
654.678
654.678
651.225
654.7
654.7
654.863
654.7
654.674
654.727
654.727
654.727
654.727
654.727
654.727
654.731
654.73
654.73
654.73
654.713
654.713
654.713
641.747
655.342
654.692
654.683
654.695
654.695
654.655
654.655
654.655
654.655
654.655
654.655
654.655
654.655
654.655
654.655
654.655
654.655
654.655
654.634
654.634
654.634
654.634
654.634
654.634
654.634
654.634
654.634
654.634
654.586
654.622
654.622
654.622
654.623
654.623
654.596
654.596
654.596
654.596
654.596
654.596
654.596
654.596
654.597
654.614
654.614
654.614
654.614
654.614
654.614
654.614
654.66
654.66
654.66
654.66
654.66
654.66
654.66
654.66
654.66
654.66
654.66
654.66
654.66
654.66
646.693
654.543
654.549
654.547
654.547
654.547
654.547
654.547
654.547
654.547
654.547
654.986
654.323
660.351
652.283
618.752
646.648
661.984
626.177
657.249
645.481
654.656
655.154
660.554
654.492
652.986
654.594
654.594
654.594
654.594
654.594
654.594
654.594
654.594
654.594
654.594
654.594
654.594
654.594
654.594
654.594
654.594
654.594
654.594
654.594
654.594
654.594
654.594
654.594
654.594
654.594
654.594
654.594
654.594
654.594
654.594
654.594
654.594
654.594
654.594
654.594
654.594
654.594
654.594
654.594
654.594
654.594
654.594
654.594
654.594
654.594
654.594
654.594
654.594
654.594
654.594
654.594
654.594
654.594
654.594
654.594
654.594
654.594
654.594
654.594
654.594
654.594
654.594
654.594
654.594
654.594
654.594
654.594
654.594
654.594
654.594
654.594
654.594
654.594
654.594
654.594
654.594
654.594
654.594
654.594
654.594
654.594
654.594
654.594
654.594
654.594
654.594
654.594
654.594
654.594
654.594
654.594
654.593
654.593
654.593
654.593
654.593
654.593
654.593
654.593
654.593
654.593
654.593
654.593
654.593
654.593
654.593
654.593
654.593
654.593
654.593
654.593
654.593
654.593
654.593
654.593
653.193
654.6
654.6
654.6
654.6
654.6
654.6
654.6
654.6
654.6
654.6
654.6
654.6
654.6
654.6
654.6
654.6
654.6
654.6
654.6
654.6
654.6
654.6
654.6
654.6
654.6
655.456
654.689
654.689
654.689
654.689
654.689
654.689
654.689
654.689
654.689
654.689
648.388
654.714
663.879
654.495
654.712
654.887
654.788
654.787
654.787
653.994
656.64
641.552
607.029
648.596
659.751
699.907
672.186
654.426
655.743
655.662
655.732
655.884
655.903
655.906
657.445
656.076
656.013
652.549
656.169
656.479
656.085
656.148
656.148
656.079
656.079
656.079
661.758
642.911
667.06
653.92
658.1
656.16
655.674
651.355
638.158
681.292
663.445
646.961
635.268
621.858
533.286
565.846
596.27
554.597
568.858
634.938
580.778
543.614
500.702
529.122
531.157
525.974
535.218
516.138
530.207
533.345
524.43
530.141
542.792
531.707
607.574
529.796
495.25
509.637
537.192
520.813
478.938
449.862
457.989
445.99
451.89
451.046
451.71
451.712
451.712
439.793
453.997
452.437
451.622
452.531
452.745
452.73
469.43
452.845
452.779
452.782
452.782
452.782
454.778
452.72
452.72
452.721
452.482
452.851
452.738
452.698
452.698
452.701
452.706
452.715
452.715
461.044
452.676
452.676
452.676
452.294
452.664
452.665
452.665
452.665
453.231
452.674
452.676
452.68
452.68
435.328
452.373
452.376
452.376
452.376
452.2
452.385
452.531
452.387
452.387
452.387
452.387
452.387
452.387
452.388
452.227
452.227
452.236
452.236
452.236
452.236
449.324
452.326
451.802
458.667
486.767
455.657
453.204
426.36
448.096
451.086
442.251
450.523
465.536
452.783
449.566
356.3
401.033
383.42
385.561
371.832
380.143
387.855
387.77
387.845
387.845
387.845
387.845
387.844
387.838
387.838
387.838
387.836
388.752
387.814
386.651
387.782
387.782
365.34
378.466
388.988
393.218
397.053
390.242
391.122
391.102
391.102
391.102
391.102
391.102
391.102
391.102
391.102
391.102
391.102
391.102
391.102
391.105
391.105
391.105
391.105
391.105
391.105
391.101
391.101
391.101
391.101
391.122
391.122
391.122
391.122
391.122
391.122
391.122
391.122
391.122
391.122
391.122
391.122
391.122
391.122
391.122
391.122
391.122
391.122
391.122
391.122
391.122
391.122
391.122
391.122
391.122
391.122
391.122
391.122
391.122
391.122
391.122
391.122
391.122
391.122
391.122
391.122
391.122
391.122
391.122
391.122
391.122
391.122
391.122
391.122
391.122
391.122
391.122
391.122
391.122
391.122
391.126
391.126
391.126
391.126
391.126
391.126
391.126
391.126
391.126
391.126
391.126
391.126
391.126
391.126
391.126
391.126
391.126
391.126
391.126
391.126
391.126
391.126
391.126
391.126
391.126
391.126
391.126
391.126
391.131
391.131
391.131
391.131
391.131
391.131
391.131
391.131
391.131
391.131
391.131
391.131
391.131
391.131
391.131
391.131
391.131
391.131
391.131
391.131
391.126
391.126
391.118
391.124
391.124
391.123
391.123
391.115
391.115
391.115
391.118
391.118
391.118
391.118
391.118
391.116
391.116
391.116
391.116
391.116
391.116
391.116
391.116
391.116
391.116
391.116
391.115
391.115
391.115
391.115
391.115
391.115
391.112
391.112
391.111
391.111
391.111
391.111
391.111
391.111
391.111
391.111
391.111
391.111
391.111
391.111
391.111
391.111
391.111
391.111
391.111
391.111
391.111
391.111
391.111
391.111
391.106
391.106
391.106
391.106
391.106
391.106
391.106
391.114
391.114
391.114
391.116
391.116
391.116
391.116
391.116
391.116
391.116
391.116
391.194
391.077
443.397
391.266
391.266
391.826
391.23
391.23
391.23
391.23
391.23
391.23
391.23
391.23
391.23
391.23
391.23
391.165
391.169
391.169
391.169
391.169
391.169
391.169
391.169
391.169
391.188
391.188
391.188
391.191
391.191
391.191
391.191
391.283
390.672
391.317
391.317
391.317
391.319
391.319
391.319
391.319
391.319
391.319
391.32
391.32
391.32
391.32
391.32
391.32
391.323
391.323
391.323
391.323
391.323
391.331
391.331
391.331
391.331
391.331
391.329
391.329
391.329
391.329
391.329
391.329
391.329
391.332
391.332
391.333
391.333
391.333
391.333
391.333
391.333
391.341
391.341
391.34
391.34
389.338
392.323
347.144
387.935
385.098
373.745
391.353
389.08
389.013
389.015
389.013
389.013
388.975
388.5
388.98
388.98
389.273
389.016
389.02
389.02
389.02
389.02
389.02
389.02
377.268
385.802
397.566
424.078
403.286
410.681
469.734
528.033
511.936
484.902
506.062
521.028
536.848
523.195
521.738
518.521
521.669
521.816
550.722
531.134
524.459
524.459
524.468
523.916
524.617
525.792
524.599
524.602
524.602
524.147
509.457
525.093
414.568
463.69
428.35
436.906
444.195
444.835
444.814
445.308
444.816
444.816
444.77
444.77
454.593
444.389
444.497
445.999
444.393
444.393
444.393
444.393
444.354
444.393
444.393
444.404
444.404
440.834
444.512
444.512
444.507
444.507
444.507
444.535
444.54
444.54
444.54
444.54
444.54
444.54
444.54
444.54
444.54
444.54
444.54
444.54
444.54
444.54
444.54
444.54
444.54
444.54
444.54
444.54
444.54
444.54
444.54
444.54
444.54
444.54
444.54
444.54
444.539
444.539
444.539
444.544
444.544
444.544
444.542
444.542
444.542
444.542
444.542
444.542
444.542
444.542
444.542
444.542
444.542
444.542
444.524
444.524
444.524
444.524
444.524
444.524
444.524
444.524
444.524
444.524
444.524
444.524
444.524
444.524
444.524
444.524
444.524
444.524
444.524
444.524
444.524
444.524
444.524
444.524
444.524
444.524
444.524
444.524
444.524
444.524
444.524
444.524
443.445
444.474
444.48
444.48
444.48
449.932
444.69
444.733
444.733
444.733
444.733
444.75
421.27
444.777
444.297
444.311
444.303
444.303
444.303
444.319
444.319
432.412
443.375
451.108
445.417
445.417
445.417
445.417
445.417
445.417
445.417
445.417
445.417
445.417
445.417
445.417
445.417
445.417
445.417
445.417
445.417
445.417
445.417
445.417
445.417
445.434
445.434
445.459
445.459
445.456
445.456
445.852
445.472
445.466
445.466
445.466
445.47
445.47
445.47
445.47
445.47
446.065
445.407
445.547
445.54
445.54
445.54
437.57
446.749
445.301
445.241
445.303
445.303
474.638
460.787
452.468
450.487
447.995
456.733
450.63
451.619
435.55
468.46
323.061
350.508
374.638
393.422
409.915
366.004
422.143
341.937
383.239
405.001
458.577
470.396
486.696
427.771
480.254
467.839
467.542
461.919
474.39
467.644
466.425
469.424
468.039
468.09
456.373
398.161
465.973
486.321
470.806
450.053
479.841
468.24
468.305
468.469
468.393
468.333
468.401
468.401
468.401
468.407
469.991
468.478
463.627
414.545
469.797
494.462
472.11
468.922
459.94
469.384
477.247
467.594
468.999
469.005
469.039
469.115
469.114
469.213
469.24
469.24
469.234
469.247
469.897
469.254
469.266
469.284
469.284
469.261
437.33
469.107
470.396
469.06
467.092
468.937
483.489
469.9
469.159
469.826
470.886
455.658
474.569
361.459
401.549
423.997
393.982
392.035
382.581
393.466
398.519
369.385
389.18
393.299
403.233
467.789
410.063
388.587
387.499
388.005
381.556
389.103
388.418
388.477
388.23
388.481
393.028
388.541
388.541
388.534
388.532
388.51
388.51
388.701
388.698
388.563
388.509
388.427
388.431
388.44
388.383
387.672
388.326
388.326
388.33
388.479
446.771
395.879
379.562
371.058
378.045
378.045
378.045
378.047
378.047
377.819
378.085
378.212
378.183
378.183
378.009
377.913
377.913
377.913
377.914
377.914
377.952
377.953
377.947
377.947
377.947
377.947
377.947
377.947
378.143
378.147
378.147
378.147
378.147
378.147
378.147
378.147
378.152
378.152
378.153
377.947
377.947
377.947
377.947
377.947
377.947
377.948
377.951
377.955
377.959
377.959
377.956
379.908
377.004
400.755
375.048
338.945
365.101
367.582
365.239
359.956
365.312
373.135
363.795
364.837
364.921
366.668
365.089
365.091
365.097
365.097
365.189
363.884
344.244
353.66
358.993
356.129
349.861
299.324
342.476
335.791
318.491
347.117
328.798
339.847
339.36
338.848
339.464
334.416
342.087
379.434
359.619
527.551
489.458
437.45
520.971
500.501
482.453
492.409
486.317
480.325
464.487
504.074
477.123
357.357
429.765
391.373
365.406
384.091
384.534
384.599
384.531
384.597
384.701
385.39
384.65
384.609
384.771
384.771
384.771
384.72
372.839
381.961
399.905
438.391
457.534
410.963
500.308
448.174
488.515
463.984
471.261
475.594
474.72
475.061
478.128
481.762
474.872
476.257
474.773
474.739
473.431
488.851
474.34
474.274
472.355
474.407
474.435
474.435
474.433
474.433
474.433
474.433
474.433
474.433
474.433
475.286
474.417
474.416
474.416
474.416
474.416
474.416
474.414
474.414
474.413
474.413
474.511
474.51
478.58
474.44
474.413
474.081
474.413
474.413
474.413
474.434
474.434
474.434
474.434
474.434
474.434
474.443
474.443
474.439
474.439
474.439
474.872
474.47
474.481
474.484
474.484
474.549
474.549
467.789
473.52
495.909
477.403
474.783
482.401
473.789
474.874
474.301
474.314
474.314
474.314
472.099
474.333
474.365
474.332
474.332
474.332
474.332
474.326
474.326
474.326
474.326
474.325
474.325
474.325
474.325
474.325
474.325
474.325
474.325
474.325
474.325
474.325
474.325
474.325
474.325
474.325
474.326
474.326
474.326
474.326
474.328
474.328
474.328
474.328
474.328
474.328
474.328
474.328
474.328
474.328
474.328
474.326
474.326
474.326
474.327
474.327
474.327
474.327
474.327
474.327
474.327
474.327
474.33
474.33
474.33
474.33
474.33
474.333
473.138
474.287
474.304
474.311
474.311
474.311
474.311
474.311
474.311
475.455
474.35
474.33
474.33
474.33
474.328
474.328
474.328
474.328
474.328
474.328
474.328
474.328
474.321
474.324
474.324
474.336
474.336
474.336
474.336
474.336
474.335
474.335
475.043
473.975
467.545
487.066
477.546
459.435
480.577
469.974
473.301
410.528
430.2
444.157
450.135
453.892
458.366
468.656
419.131
439.392
462.692
479.402
435.724
514.701
484.274
461.705
478.359
493.127
483.026
473.783
473.598
473.594
473.601
473.606
473.607
473.625
473.625
473.634
473.634
473.379
473.857
473.532
475.707
474.202
473.594
471.437
473.661
473.399
473.646
473.646
473.646
473.646
473.649
473.649
473.649
473.649
473.649
473.66
473.65
473.65
473.65
473.653
473.653
473.653
473.653
465.201
473.762
473.762
473.762
473.762
473.762
473.762
473.932
473.705
473.751
473.751
473.751
473.751
473.751
473.751
473.751
473.751
473.75
473.75
473.75
473.75
473.75
473.75
473.75
473.75
473.75
473.75
473.75
473.75
473.75
473.75
473.75
473.75
473.75
473.739
473.741
473.741
473.741
474.906
473.855
473.85
467.135
473.339
473.012
473.43
489.111
471.104
451.178
477.089
502.893
489.364
478.265
470.274
476.238
476.201
476.201
476.201
476.201
476.201
476.272
476.245
475.989
476.302
476.258
476.258
476.258
483.445
477.058
476.343
476.27
476.27
476.273
476.273
476.259
476.273
473.235
476.021
476.047
476.035
476.035
476.035
476.035
476.025
476.025
483.979
477.682
463.332
525.344
505.14
493.166
514.364
458.202
439.624
419.131
405.018
420.466
419.063
418.595
419.096
429.962
418.089
418.786
422.903
414.789
363.134
411.615
412.628
416.195
398.956
413.477
413.47
413.402
413.402
413.402
413.402
413.402
414.586
413.021
413.529
413.658
413.617
413.54
387.248
411.397
412.077
411.473
409.809
412.263
407.516
411.021
411.897
427.267
457.888
399.547
549.226
484.314
502.575
512.797
523.042
514.749
512.347
535.716
507.526
507.426
506.15
507.708
507.707
507.707
507.707
507.7
507.7
507.71
507.705
507.705
507.705
507.705
507.726
507.706
507.706
507.712
507.712
507.712
507.712
507.744
507.69
507.698
507.698
507.725
507.725
507.719
507.719
507.722
507.722
507.722
507.722
507.722
507.722
507.722
507.722
507.722
507.722
507.722
507.722
507.722
507.722
507.722
507.723
507.75
507.75
507.74
507.74
507.74
507.74
507.74
507.74
507.74
507.74
507.74
507.74
507.736
507.731
507.731
507.731
507.721
507.721
507.662
507.323
507.57
507.57
522.349
512.258
508.941
497.608
634.421
536.091
554.409
510.457
506.513
515.858
525.317
499.738
491.925
499.923
499.923
499.923
499.923
499.913
499.913
499.912
499.814
499.927
499.927
499.927
499.927
499.96
499.96
499.969
499.975
499.983
499.982
500.188
499.963
499.905
499.97
499.97
502.315
499.963
499.925
499.934
499.934
499.934
499.934
497.759
500.08
488.363
499.998
500.005
501.281
499.947
499.95
499.95
499.95
499.95
499.95
499.95
499.95
499.95
499.95
499.95
499.945
499.945
499.945
499.945
499.945
499.945
499.945
499.945
499.945
499.945
499.945
499.945
499.944
499.944
499.944
499.944
499.944
499.944
499.944
499.944
499.944
499.944
499.944
499.944
499.944
499.944
499.944
499.944
499.944
499.944
499.944
499.944
499.944
499.944
499.944
499.944
499.944
499.944
499.944
499.944
499.944
499.944
499.944
499.944
499.944
499.946
499.946
499.946
499.946
499.946
499.946
499.946
499.946
499.946
499.946
499.946
499.946
499.946
499.946
499.946
499.946
499.946
499.946
499.946
499.946
499.946
499.946
499.946
499.946
499.946
499.946
499.946
499.946
499.946
499.939
499.939
499.939
499.939
499.939
499.939
499.939
499.939
499.939
499.939
499.939
499.939
499.94
499.94
499.94
499.94
499.94
499.94
499.94
499.94
499.94
499.94
499.94
499.94
499.94
499.94
499.94
499.94
499.94
499.94
499.94
499.94
499.94
499.94
499.948
499.948
499.948
499.948
498.677
499.882
499.882
499.882
499.882
499.882
499.882
499.882
499.882
499.882
499.882
499.882
499.882
499.882
499.882
499.871
500.45
499.586
499.879
499.882
499.882
499.932
499.916
499.916
499.916
499.924
499.924
499.924
499.924
499.926
499.926
499.915
499.915
499.915
499.915
509.151
500.54
494.058
502.56
479.976
536.286
516.613
491.292
482.48
471.657
436.497
446.88
445.563
447.013
447.013
447.715
447.006
446.956
446.953
446.885
446.884
446.801
446.801
432.898
449.458
447.547
447.456
447.459
447.459
447.556
447.556
447.558
447.558
447.558
447.558
447.554
447.549
447.549
447.549
447.549
447.548
455.098
447.609
447.568
447.568
447.786
447.644
447.643
447.572
447.575
447.575
421.874
447.538
447.66
447.667
449.078
447.567
447.567
447.567
447.567
447.567
447.565
447.565
447.565
447.565
447.565
447.565
447.56
447.56
447.56
447.558
447.558
447.558
447.558
447.556
447.696
447.683
447.683
447.683
447.629
447.58
447.58
431.281
446.463
446.428
446.394
446.372
446.365
446.395
446.404
446.4
446.4
446.36
442.595
445.907
446.548
452.412
506.797
462.771
464.197
469.598
462.682
486.025
462.852
461.906
461.657
461.733
461.816
461.816
461.823
461.821
461.899
461.892
461.939
461.939
461.939
461.939
461.939
461.94
462.012
462.137
462.197
462.254
462.254
466.273
462.595
455.939
522.507
473.011
478.07
473.804
470.256
500.251
479.425
424.055
450.633
443.257
443.992
442.617
443.221
443.212
443.212
443.217
443.218
443.218
443.218
443.22
443.222
443.224
443.228
443.221
443.232
443.234
443.234
443.231
443.231
443.231
443.231
443.232
443.232
443.231
443.231
443.231
443.235
443.235
443.235
443.235
443.235
443.235
443.235
443.235
443.235
443.235
443.243
443.251
443.256
443.258
443.258
443.26
443.259
443.259
443.259
443.259
443.255
443.251
439.778
443.226
446.861
443.11
443.301
443.248
443.248
443.248
443.248
443.29
443.29
443.29
443.29
443.29
443.29
396.977
441.349
436.508
443.777
442.1
481.661
452.155
415.498
438.358
439.414
438.395
438.392
438.238
430.251
437.2
445.645
489.212
473.854
551.525
503.442
523.602
539.299
527.718
516.803
524.416
524.308
524.309
524.274
524.274
524.274
524.272
524.272
524.272
524.272
524.272
524.272
524.272
524.272
524.272
524.272
524.212
524.29
524.272
524.272
524.272
524.272
524.272
524.272
524.272
524.272
524.272
524.272
524.272
524.272
524.272
524.272
524.272
524.267
524.267
524.267
524.267
524.267
524.262
524.262
524.262
524.262
524.264
524.264
524.264
524.264
524.264
524.264
524.264
524.24
524.24
524.234
524.234
524.237
524.237
524.237
523.08
524.219
524.219
524.218
524.229
524.229
524.229
525.231
524.306
524.303
524.303
524.303
524.303
524.262
524.262
524.262
524.308
524.308
524.308
524.227
524.308
524.328
524.338
524.326
524.327
524.346
524.346
501.413
523.975
521.275
533.318
563.216
526.715
468.779
523.29
525.684
525.718
525.842
525.828
525.789
525.924
525.834
525.871
525.724
525.742
525.742
525.654
530.151
525.786
525.793
525.787
525.777
525.766
525.766
525.766
525.764
525.608
525.753
525.753
525.753
511.598
550.408
528.066
529.871
529.359
535.563
529.371
529.856
510.841
487.977
464.775
435.859
425.309
420.535
430.723
401.59
427.506
456.523
429.248
424.296
442.981
433.655
416.743
404.872
410.823
388.995
386.549
385.444
385.597
384.757
392.401
382.46
382.531
382.533
382.501
382.501
379.574
382.911
382.953
382.941
382.941
383.043
383.011
383.95
382.979
382.979
382.979
382.979
382.979
382.579
382.987
396.041
384.668
382.581
381.767
359.811
379.994
380.869
374.307
380.731
380.851
380.663
380.663
380.662
380.662
380.669
380.669
380.646
380.516
379.091
380.591
380.583
380.584
384.12
380.552
380.569
380.614
380.569
380.569
380.569
380.488
370.966
380.714
380.708
380.708
380.708
380.708
380.708
380.708
380.708
380.708
380.708
380.708
380.648
380.648
380.649
380.649
380.649
380.649
380.594
380.594
380.594
380.594
380.604
380.609
380.607
380.607
380.607
380.607
380.607
380.607
380.607
380.607
380.607
380.607
380.539
380.539
380.539
380.539
380.54
380.54
380.54
380.54
380.586
380.586
380.586
380.596
380.598
380.694
380.6
368.56
379.35
379.814
394.734
380.481
382.721
373.885
377.783
378.663
350.36
319.656
343.578
377.992
364.033
356.771
360.3
358.091
357.521
336.947
355.669
355.519
355.338
355.504
355.5
355.507
353.91
355.483
356.983
355.531
346.378
352.503
354.361
354.496
354.763
359.786
394.3
416.065
387.119
486.202
435.242
455.112
472.089
471.914
472.632
469.586
475.616
473.254
483.392
472.431
507.317
471.561
470.718
470.429
470.694
470.694
478.433
470.344
469.536
469.984
469.982
461.833
490.937
470.814
445.503
467.499
467.433
467.352
467.341
467.341
467.349
466.444
467.365
467.365
467.365
467.37
467.37
467.37
467.37
469.243
467.283
467.283
467.283
467.283
467.283
467.283
467.283
467.283
467.283
467.278
467.278
467.278
467.273
467.273
467.273
467.273
467.27
467.27
467.27
467.27
467.27
467.27
467.27
467.27
467.27
467.27
467.27
467.27
467.27
467.27
467.27
467.27
467.27
467.27
467.27
467.27
467.27
467.27
467.27
467.27
467.27
467.27
467.27
467.27
467.27
467.27
467.27
467.27
467.27
467.27
467.27
467.27
467.27
467.27
467.27
467.27
467.27
467.27
467.27
467.27
467.27
467.27
467.27
467.239
467.239
467.239
467.239
467.241
467.241
467.241
467.241
467.239
467.239
467.195
467.195
467.195
467.195
467.195
467.195
467.195
467.199
467.198
467.198
467.198
467.198
467.198
467.198
467.198
467.201
467.204
467.204
467.204
467.204
467.204
467.204
473.898
461.106
466.732
425.496
467.199
460.168
468.814
467.026
473.4
466.719
466.712
466.712
466.712
466.712
466.712
466.709
466.709
466.701
466.701
466.701
466.701
466.701
466.701
466.701
466.701
466.701
466.701
466.482
466.71
466.71
466.71
466.71
466.71
466.71
466.71
466.71
466.71
466.71
466.71
466.71
466.71
466.71
466.723
466.723
466.724
466.724
466.724
466.724
466.724
466.724
466.724
466.724
466.724
466.724
466.724
466.724
466.724
466.724
466.724
466.724
466.724
466.724
466.724
466.724
466.724
466.724
466.724
466.724
466.724
466.724
466.724
466.724
466.724
466.724
466.724
466.724
466.724
466.724
466.724
466.724
466.724
466.724
466.724
466.724
466.724
466.724
466.725
466.725
466.725
466.725
466.728
466.728
466.728
466.728
466.728
466.728
466.728
466.728
466.728
466.728
466.728
466.728
466.728
466.728
466.728
466.728
466.728
466.728
466.729
466.729
466.729
466.729
466.729
466.729
466.729
466.729
466.729
466.729
466.729
466.729
466.729
466.729
466.729
466.729
466.714
466.714
466.714
466.714
466.717
466.717
466.717
466.717
466.717
466.717
466.718
466.718
466.718
466.718
466.718
466.718
466.719
466.719
466.719
466.719
465.33
466.786
466.683
466.683
485.32
467.066
466.781
466.783
466.834
470.7
466.816
466.785
466.789
466.779
466.779
466.787
466.796
466.793
466.793
466.817
466.817
468.148
466.419
452.012
462.74
481.045
471.662
411.404
449.442
442.731
453.764
463.269
421.58
436.729
463.795
466.615
458.162
467.08
467.552
467.621
467.602
469.013
498.86
470.74
476.493
468.083
468.456
469.407
465.23
483.015
467.489
467.584
467.584
467.599
467.599
467.599
467.605
467.605
467.608
472.386
467.485
467.485
467.485
467.485
467.487
467.487
467.488
467.488
467.488
467.488
467.488
467.488
467.488
466.908
467.663
467.44
467.497
467.545
467.545
467.541
467.541
467.546
467.546
467.546
467.546
467.55
467.539
467.539
467.539
467.539
467.539
467.539
470.506
461.5
468.003
446.087
432.008
486.236
453.19
381.484
415.116
397.774
372.719
362.497
365.816
361.64
361.543
361.618
361.622
361.628
361.642
361.642
361.642
361.635
361.646
361.646
361.646
361.65
361.653
361.465
361.67
361.67
361.683
361.684
361.81
355.766
360.601
361.652
361.652
361.66
361.66
361.659
361.74
361.74
362.099
329.02
351.775
361.724
361.795
363.639
361.753
361.769
361.769
361.769
358.97
361.984
361.722
361.718
361.722
361.72
361.479
361.682
361.686
361.675
361.675
361.675
361.673
368.013
361.572
379.902
344.662
464.327
424.934
440.374
446.802
447.362
446.756
446.756
446.747
446.747
446.754
446.743
446.743
446.743
446.735
446.735
446.735
446.735
446.671
446.648
446.648
446.642
446.603
446.636
446.636
446.692
446.692
452.557
446.636
446.636
446.636
446.637
446.637
446.637
446.637
446.637
446.169
446.636
446.636
446.627
446.678
446.673
446.673
446.673
446.673
446.673
446.673
446.673
446.674
446.674
446.674
446.674
446.674
446.674
446.674
446.674
446.674
446.674
446.674
446.675
446.675
446.676
446.676
446.679
446.686
446.686
446.692
447.504
446.859
409.966
441.608
463.101
413.941
326.321
398.08
376.934
333.738
363.122
357.395
357.368
357.368
357.372
357.383
356.135
357.305
347.413
358.138
358.138
358.138
358.138
358.138
358.138
358.138
358.138
358.138
358.1
358.1
358.078
358.078
358.043
358.043
358.043
358.01
358.01
358.01
358.01
358.01
358.01
358.01
358.01
358.01
358.01
358.01
358.01
358.024
358.024
358.024
358.024
358.024
358.024
358.024
358.024
358.024
358.067
358.066
358.066
358.066
358.066
358.066
358.066
358.066
358.067
358.066
358.066
358.066
358.066
358.066
358.066
358.066
358.066
358.066
358.066
358.066
358.066
358.201
358.158
358.158
358.158
358.158
358.158
358.16
358.16
358.16
358.251
358.225
358.225
358.225
358.225
358.225
358.225
358.225
358.182
358.182
358.182
358.181
358.181
358.181
357.662
358.157
358.157
304.558
357.977
357.977
357.908
357.977
357.977
358.021
358.021
358.021
358.021
358.021
358.021
358.021
358.036
358.036
358.036
358.134
358.036
358.036
358.036
358.036
358.036
358.036
358.036
358.036
364.724
358.158
358.027
358.027
358.027
358.056
358.056
358.056
358.056
358.056
358.056
358.056
358.05
358.05
358.05
358.051
358.051
358.051
358.053
358.996
350.146
357.555
356.671
328.394
342.125
369.444
380.797
397.238
474.227
459.449
433.218
452.047
473.315
504.689
466.885
486.469
610.867
570.719
589.28
578.334
556.105
545.253
540.734
540.24
540.303
540.313
540.313
540.26
540.26
539.371
532.319
545.282
540.289
540.257
513.239
431.068
467.096
461.849
461.525
461.556
461.556
461.52
461.556
461.554
450.469
460.853
459.858
460.891
460.891
460.883
460.883
460.883
460.916
460.881
520.933
497.718
495.716
495.748
495.757
495.757
495.795
495.806
495.994
496.057
496.057
496.058
496.058
496.062
496.062
496.251
496.158
496.158
496.158
496.158
496.158
496.158
496.158
496.16
496.16
496.16
496.156
496.223
496.223
496.223
496.222
496.222
501.661
496.159
493.602
496.239
496.239
496.239
496.239
496.239
496.238
496.238
496.075
496.075
496.075
496.034
496.034
496.037
495.975
495.975
495.975
495.975
496.205
512.449
497.323
497.327
498.013
497.222
449.618
469.756
478.508
484.085
480.368
772.495
792.731
815.477
751.964
649.701
723.6
705.752
704.05
706.04
706.04
706.016
706.25
706.156
706.156
706.156
706.202
706.202
706.202
706.215
706.451
706.553
706.353
693.88
722.344
706.755
710.711
630.625
704.714
712.837
702.474
687.746
703.406
701.57
702.466
702.466
702.466
702.466
702.466
702.535
702.535
702.535
702.535
702.535
702.535
702.53
